8
229 26106
29 105 26
117 169 77
105 154 84
162 196 27
72 209 77
142 160 5
113 150 60
7 176 86
106 178 9
45 129 64
112 196 81
61 148 10
34 134 55
126 144 57
67 154 0
166 192 59
91 132 46
74 75 37
39 97 28
64 186 82
66 87 24
162 215 28
98 208 85
110 164 30
138 170 73
185 196 90
139 181 62
87 188 90
31 78 84
155 174 57
55 171 37
16 47 75
172 198 80
26 138 31
124 192 89
37 137 94
208 209 6
2 94 43
79 216 81
161 199 70
10 122 15
24 185 23
140 169 13
57 125 88
69 173 18
26 220 52
83 114 55
26 113 51
79 143 47
49 148 9
4 217 26
8 15 80
140 228 61
57 192 5
47 126 21
47 213 86
83 97 96
105 144 82
47 62 37
18 179 8
106 125 69
23 123 23
181 223 75
12 100 78
35 106 30
34 160 41
61 204 42
103 208 47
34 155 92
181 183 1
43 202 89
96 129 4
143 217 78
2 33 71
76 115 44
39 80 70
91 92 18
69 134 99
51 197 34
140 172 35
170 177 42
19 102 42
63 210 16
65 182 63
1 32 6
32 40 38
18 122 70
25 46 32
14 78 43
27 181 53
29 67 47
38 86 87
55 143 48
186 211 33
40 227 25
37 192 62
201 212 19
68 109 97
59 66 40
59 217 34
117 227 11
60 109 19
1 42 21
7 96 18
11 137 99
123 199 59
171 210 94
91 211 75
122 209 66
100 223 70
113 140 8
88 178 2
10 114 68
3 116 24
42 85 4
25 48 5
136 215 87
160 163 60
108 149 32
32 155 45
126 225 83
72 78 39
37 153 5
128 149 66
9 65 36
16 121 86
121 172 7
49 99 4
78 215 2
140 142 32
66 93 59
32 156 54
51 177 52
18 25 49
37 124 34
10 209 48
127 130 82
39 219 0
38 143 45
97 122 39
180 209 57
4 226 68
29 227 71
212 223 12
128 162 48
162 176 55
36 102 9
80 179 44
147 223 64
102 212 74
70 149 32
19 137 39
40 157 42
118 227 84
207 214 62
73 97 28
86 188 80
138 179 15
18 114 82
18 100 62
61 185 20
30 65 34
7 227 65
174 208 90
4 188 34
29 206 55
36 87 76
29 176 36
161 174 4
62 77 27
26 128 12
18 70 27
23 71 43
55 147 73
18 56 15
18 166 4
192 210 46
101 137 24
162 181 92
19 229 46
147 205 5
55 168 41
158 202 70
102 168 44
102 121 66
47 202 11
51 167 0
42 81 15
78 163 42
38 217 76
11 116 82
150 190 27
6 88 18
18 73 11
51 100 82
167 212 43
66 94 41
87 89 66
157 176 60
86 129 46
30 54 75
75 124 2
80 196 75
75 122 79
134 222 26
175 198 41
83 223 27
10 12 8
27 70 72
73 225 56
60 97 57
25 79 68
48 198 81
74 168 93
31 116 78
153 182 99
63 139 22
55 144 26
103 171 90
28 120 79
116 215 78
48 211 81
96 122 49
116 118 31
185 206 62
63 179 99
81 191 60
96 180 30
8 172 30
2 62 52
37 64 60
8 75 48
48 217 64
33 43 51
3 64 17
67 155 86
56 86 33
135 165 76
50 218 21
82 205 99
2 95 31
5 190 17
146 157 96
20 51 15
83 220 7
118 159 57
82 219 64
180 220 24
28 55 19
105 193 39
24 140 2
211 219 38
92 190 84
93 222 65
103 191 45
216 218 68
102 211 44
117 225 92
99 110 42
68 166 52
47 114 70
28 110 67
79 179 7
85 215 76
68 195 50
83 112 97
5 229 85
117 189 53
2 158 33
84 151 70
201 214 20
191 192 76
41 191 37
13 23 86
31 101 97
141 181 8
11 117 41
85 139 27
32 226 17
188 203 78
62 216 85
80 134 2
119 153 63
45 144 20
82 218 96
77 184 90
2 162 59
87 196 1
62 136 71
87 144 25
67 139 73
5 216 47
63 195 10
82 131 92
47 187 86
15 170 84
138 167 14
46 124 67
7 82 60
60 93 22
47 97 92
8 202 49
92 218 74
97 139 32
109 152 87
84 103 95
193 204 86
122 150 46
46 135 1
60 116 57
56 125 65
142 195 24
49 143 50
21 204 74
43 44 96
111 216 26
47 154 69
26 156 71
31 59 53
18 92 92
2 79 35
108 145 56
27 60 81
27 71 97
63 88 29
32 63 88
61 201 4
66 114 87
121 157 32
131 174 52
186 203 14
18 52 19
38 229 80
79 156 77
90 196 3
68 200 83
62 206 26
146 217 0
33 206 90
131 162 89
35 95 62
49 137 33
25 34 18
50 69 92
60 226 94
18 31 26
34 130 92
39 204 4
89 189 64
94 127 46
15 185 71
188 189 85
76 163 10
49 184 40
45 91 69
35 94 6
40 144 64
44 108 2
42 167 66
131 196 93
118 222 26
16 110 13
51 120 24
164 166 68
42 119 29
13 89 11
75 219 72
149 159 66
77 157 85
136 147 48
107 136 34
8 116 2
104 197 13
13 38 41
145 214 62
47 50 61
77 215 96
94 164 0
70 108 48
109 160 2
50 114 93
55 97 2
135 221 3
107 147 65
70 208 94
39 113 60
40 154 0
105 161 53
9 209 68
101 217 57
73 215 44
120 143 39
9 43 85
84 197 68
157 191 5
7 66 49
25 113 81
107 201 53
147 204 99
56 117 44
87 222 76
48 62 95
37 41 85
10 63 17
119 123 85
8 226 55
159 175 35
70 214 15
26 205 75
11 32 65
74 209 36
31 75 79
118 208 82
105 213 80
132 203 27
160 229 75
6 169 52
162 193 75
92 189 46
147 203 41
190 229 73
6 49 71
43 60 35
77 106 76
168 228 37
32 117 21
5 80 45
54 194 99
98 122 1
88 101 1
26 77 5
75 159 21
36 116 36
67 95 95
47 142 42
35 44 97
109 219 77
64 159 56
24 212 1
66 129 30
112 125 51
52 137 90
106 213 62
12 199 50
142 179 14
53 67 2
42 110 13
85 223 68
86 191 3
100 217 78
97 160 92
140 226 44
10 34 93
204 227 87
4 198 77
51 126 33
22 141 97
37 199 79
1 200 54
23 156 63
75 154 6
8 209 43
7 48 36
39 207 44
151 201 5
113 133 52
14 140 92
12 49 34
115 198 63
167 229 76
118 189 47
168 205 20
81 139 15
33 196 72
145 148 40
37 132 40
79 110 2
17 33 40
196 215 67
95 102 80
33 132 97
89 209 15
124 127 41
88 103 65
77 135 16
30 126 47
93 174 46
116 127 58
62 127 59
180 203 37
2 170 85
172 219 0
212 221 14
35 222 26
136 141 30
88 141 82
13 125 23
5 179 67
117 170 49
52 83 69
5 111 26
80 135 19
42 150 35
111 175 75
79 96 57
193 227 83
174 215 66
115 200 18
55 100 64
72 211 2
13 97 10
31 144 39
60 77 40
123 157 47
30 215 91
40 52 46
27 88 69
154 189 85
96 224 83
31 49 89
116 136 47
127 166 64
81 124 0
133 186 31
105 111 33
51 89 2
151 219 14
57 92 70
177 214 72
3 52 88
106 208 13
160 182 20
65 184 16
18 74 48
19 111 74
183 194 17
158 211 7
98 115 98
43 91 76
10 138 67
98 191 4
2 66 31
53 198 38
59 118 72
146 171 36
64 125 17
36 71 8
12 134 95
35 39 52
114 145 4
6 97 60
175 214 70
46 148 92
163 213 12
29 39 7
152 161 86
8 208 60
16 144 10
88 171 87
41 97 57
207 219 7
14 30 17
91 167 24
2 212 58
36 129 79
104 146 65
11 166 67
91 100 25
37 158 79
121 214 51
78 170 95
85 122 87
65 205 27
24 181 88
70 197 29
110 221 94
14 21 63
14 222 19
131 177 44
141 184 69
66 140 24
81 151 91
115 157 41
24 130 90
164 205 39
156 216 50
24 202 79
99 154 12
10 27 12
2 139 82
109 216 12
2 131 28
127 197 27
68 182 75
54 88 32
14 126 0
91 203 52
3 94 92
74 138 23
16 171 0
129 216 34
155 209 59
141 203 90
30 96 22
7 127 48
122 143 51
85 98 66
108 175 25
6 137 60
35 188 51
167 210 27
24 73 51
83 216 29
6 224 20
4 8 45
116 162 89
90 130 90
27 212 18
117 121 98
69 132 98
39 58 41
12 45 73
17 61 72
173 216 54
3 190 23
116 154 16
151 191 64
1 167 88
10 22 96
138 210 33
14 86 65
23 154 48
27 123 77
4 118 32
141 221 2
94 144 62
28 194 7
18 216 65
102 229 5
164 186 29
41 226 81
12 141 83
11 194 75
22 63 60
5 81 38
177 224 71
78 113 87
1 160 14
176 225 36
61 108 93
4 44 3
198 223 79
115 217 17
135 153 39
121 190 29
31 148 5
95 193 64
55 96 70
28 128 5
68 91 61
53 106 15
51 69 98
142 225 75
16 17 26
11 224 47
179 193 14
3 97 61
21 90 8
7 23 12
103 188 55
64 217 23
162 200 88
121 176 14
93 180 25
161 182 15
120 162 38
180 193 63
50 205 54
123 216 8
36 78 83
134 220 47
209 224 48
59 139 11
82 163 7
35 110 87
105 176 70
96 142 66
59 173 75
77 123 15
31 211 82
106 127 73
60 202 18
8 42 72
60 195 36
182 183 28
91 130 48
83 186 50
11 37 74
42 97 69
91 103 1
23 29 14
9 214 84
166 174 49
110 170 77
9 207 19
45 162 4
42 176 20
71 142 98
69 199 60
7 188 14
75 98 31
43 109 17
25 179 24
26 67 54
138 226 68
60 203 70
178 198 67
11 188 2
60 69 31
4 161 82
76 221 75
124 137 60
50 186 57
21 200 3
175 210 34
108 158 25
45 94 77
28 102 7
42 43 2
23 90 74
114 177 9
109 112 56
14 101 42
31 104 5
11 216 55
50 95 86
52 219 11
20 39 40
115 221 4
60 65 60
23 112 78
183 213 86
72 147 54
9 200 81
91 175 59
44 88 47
135 209 95
60 210 48
50 56 66
92 105 40
131 182 54
23 48 61
1 211 17
27 128 59
108 139 97
9 51 60
134 183 25
63 212 11
101 151 76
105 215 32
210 223 71
149 229 84
117 210 9
10 72 1
127 134 2
43 223 52
73 186 74
87 159 80
67 137 81
17 191 20
120 135 86
73 183 64
70 187 10
46 191 64
57 211 32
27 175 23
13 18 14
49 66 48
98 204 16
53 187 30
105 138 2
71 179 3
123 200 19
125 199 25
186 224 10
94 177 26
117 153 20
18 174 39
131 148 59
75 199 75
18 23 33
61 112 28
169 215 71
39 93 7
30 157 19
129 205 21
129 220 81
6 40 29
46 104 51
165 195 55
47 131 31
7 171 60
53 201 65
130 225 38
64 168 50
42 187 35
135 138 24
28 219 71
144 165 34
44 84 85
9 151 97
156 158 44
56 119 8
136 180 61
91 201 71
71 206 24
123 130 50
76 90 34
148 221 92
11 54 84
20 67 81
15 182 81
215 219 0
50 132 62
43 196 76
115 182 68
53 174 67
4 142 1
93 101 77
52 199 82
20 122 54
85 158 42
21 182 32
4 220 68
73 143 29
57 151 55
71 95 93
161 167 87
90 211 78
12 80 15
51 92 48
144 185 12
7 226 66
53 212 96
3 197 63
44 208 7
125 197 95
121 123 77
91 136 86
17 56 93
93 132 52
60 87 46
79 119 58
13 81 25
161 198 72
155 167 73
32 60 35
41 125 3
102 165 21
112 155 34
94 139 93
208 219 34
186 204 33
61 63 54
55 193 6
15 123 78
8 160 76
88 125 4
81 193 45
64 163 80
6 123 30
155 224 97
2 183 49
64 194 13
82 155 79
6 139 69
137 212 3
28 37 0
28 136 60
76 83 22
123 144 51
57 117 83
152 170 83
79 149 48
45 83 50
96 201 78
92 212 28
116 126 50
6 160 3
147 174 60
32 218 76
89 131 89
69 82 98
81 99 31
104 227 57
73 109 67
133 174 83
38 193 35
40 132 19
35 65 25
14 124 23
17 150 27
40 229 54
164 212 95
101 169 56
24 203 80
27 144 60
28 105 97
5 14 71
103 126 29
200 223 5
58 142 47
53 176 20
198 225 66
12 57 65
210 217 7
53 178 37
133 170 18
26 41 88
136 175 52
110 136 6
101 221 14
24 63 98
169 217 0
17 203 58
177 195 66
10 133 99
85 102 82
107 208 83
29 113 36
188 228 36
133 215 73
50 65 23
47 112 66
114 217 21
103 136 51
2 173 30
140 213 48
12 98 23
107 142 20
25 162 46
2 145 65
18 38 26
53 208 92
57 79 47
40 193 29
68 79 69
135 148 35
96 174 55
49 77 53
143 175 11
91 98 10
92 151 98
51 59 58
147 192 19
32 126 27
124 166 51
70 135 77
23 51 86
105 116 83
48 130 92
101 110 36
42 70 32
85 150 54
69 210 89
50 64 6
134 172 31
69 71 35
68 70 59
148 184 63
52 65 75
70 85 27
136 150 8
73 151 52
42 164 47
184 196 21
60 137 78
144 221 42
66 173 27
1 169 66
185 198 63
50 199 95
81 189 28
140 163 70
1 48 67
69 89 95
53 125 49
121 155 37
100 115 18
24 114 33
12 96 70
2 51 6
194 205 14
80 169 5
107 206 12
81 133 42
10 163 26
46 128 29
123 162 27
52 225 82
76 229 82
185 191 73
23 176 20
1 74 94
19 199 24
54 178 32
196 217 71
55 59 15
117 165 50
177 216 46
55 225 61
19 47 29
8 95 23
157 187 91
29 141 21
62 110 27
111 159 47
83 226 51
63 90 90
47 110 30
62 85 63
25 88 34
106 129 35
191 204 38
57 61 26
133 157 26
76 160 95
95 222 82
124 163 0
92 123 85
46 49 87
30 219 24
201 220 3
84 150 63
67 152 40
143 216 15
38 115 36
103 193 94
95 163 58
56 68 78
41 155 46
85 178 83
141 229 74
53 180 0
36 79 97
52 123 59
46 223 39
122 199 0
60 186 15
2 168 38
44 161 43
34 78 54
17 154 74
41 68 79
4 149 67
7 214 52
122 162 5
85 151 53
7 162 14
14 72 72
89 139 0
20 80 92
44 218 66
10 178 63
86 134 68
87 217 42
16 82 28
29 146 23
174 211 38
45 70 64
4 48 93
23 72 56
20 83 84
46 225 86
34 58 7
37 51 69
105 173 24
62 103 62
69 119 68
169 197 33
138 161 72
50 130 43
59 219 35
8 153 39
75 156 70
56 63 91
138 171 7
100 163 28
8 78 68
52 73 4
154 198 66
81 146 54
12 122 84
27 194 71
136 137 90
67 161 25
130 142 60
10 156 91
13 121 77
31 165 64
149 182 59
69 137 77
52 91 25
53 192 35
62 171 96
17 117 97
152 162 77
139 158 72
6 215 19
141 216 43
57 190 13
8 74 61
145 168 12
179 185 36
36 145 55
85 121 83
74 81 19
1 178 51
40 117 26
30 119 7
42 184 52
63 201 49
102 142 35
122 202 46
164 200 23
92 226 93
151 216 91
137 189 54
68 123 45
47 150 16
33 96 94
82 98 36
126 191 8
125 183 87
103 135 70
162 222 31
182 211 81
22 49 97
94 121 70
86 116 83
9 79 98
17 121 54
63 186 81
3 104 33
29 190 69
34 152 11
18 187 42
121 139 89
58 179 51
15 91 89
137 151 30
20 169 56
40 179 7
81 178 85
48 170 80
62 168 15
117 177 49
16 164 89
176 218 58
94 105 53
83 119 64
125 202 60
123 182 1
87 134 16
74 177 64
97 228 41
109 183 44
13 143 45
9 11 96
57 109 4
45 168 66
156 181 47
13 117 42
12 150 19
159 228 36
142 159 48
136 140 62
12 219 88
95 135 47
40 118 17
31 183 49
83 179 45
19 105 44
65 80 27
111 119 54
32 198 79
7 159 25
207 220 81
35 164 85
60 183 11
4 34 75
139 190 70
57 223 23
88 181 85
74 142 70
76 180 91
156 161 42
54 92 28
48 74 60
1 26 33
80 215 42
93 150 16
44 75 18
145 195 11
11 97 76
119 148 8
76 77 40
117 150 55
61 224 52
90 142 77
108 172 47
15 47 9
105 180 38
58 212 21
70 229 59
101 139 67
23 60 73
9 26 56
40 102 9
155 202 5
78 227 85
88 192 30
108 183 88
66 193 87
14 128 20
174 210 92
143 220 14
134 217 13
22 199 15
28 104 71
73 208 60
163 218 73
70 215 56
48 72 39
45 156 28
202 224 80
12 140 65
67 147 50
58 165 98
47 171 68
173 215 46
48 160 48
3 140 8
67 111 54
162 173 45
1 96 23
15 95 63
83 222 94
22 169 53
82 139 71
164 199 52
90 176 27
103 185 85
46 114 31
87 92 50
10 77 35
37 86 59
175 182 71
93 214 71
25 193 54
23 104 89
78 193 0
5 82 88
214 224 32
116 205 0
24 153 66
108 229 90
7 113 85
191 228 35
105 190 54
41 105 30
57 202 13
32 197 84
115 147 79
8 126 30
32 69 10
12 181 16
12 86 6
67 78 66
43 170 31
144 156 81
41 144 96
31 47 95
73 133 24
87 124 36
119 163 10
127 161 16
116 219 84
58 210 60
16 57 10
116 141 28
8 30 51
130 149 60
197 219 97
68 71 10
15 214 22
97 111 48
164 194 90
160 226 20
45 192 48
37 218 53
5 119 84
15 49 86
23 190 83
20 62 41
155 182 14
28 56 16
104 159 95
25 222 51
29 36 94
155 228 2
42 69 1
10 83 93
104 183 6
196 197 60
21 172 91
160 165 59
37 196 52
95 151 71
44 167 11
118 192 21
55 108 92
75 205 46
132 154 42
31 100 58
27 125 83
59 83 6
2 153 45
84 100 16
130 178 17
159 189 30
22 57 39
47 54 87
71 120 89
20 174 95
120 171 57
43 181 30
171 208 53
10 192 75
136 149 0
173 206 15
81 213 82
6 216 58
80 100 46
53 158 48
79 95 93
29 75 14
42 132 66
35 199 43
115 191 14
124 147 16
101 178 28
20 108 37
39 209 29
93 131 65
8 220 86
24 183 42
68 93 44
6 130 58
66 150 23
19 96 5
84 140 31
27 159 54
11 125 53
31 169 56
24 147 75
79 120 19
65 103 75
36 82 48
66 111 52
116 179 16
3 123 73
87 98 32
135 216 77
117 122 64
74 178 38
90 223 47
2 13 68
75 211 95
32 79 43
12 135 34
54 115 64
172 215 16
160 173 20
9 149 63
25 126 68
82 141 56
147 184 26
133 144 64
119 208 81
134 136 18
150 181 79
104 126 10
26 126 38
91 222 29
153 218 78
190 221 14
18 97 70
74 78 91
43 207 5
100 193 27
23 224 59
54 131 59
23 49 26
101 185 62
87 94 56
112 228 38
41 80 17
75 157 10
7 28 41
114 146 51
69 102 63
10 153 24
28 209 36
103 110 8
11 203 35
95 216 45
150 208 62
43 210 90
65 129 48
198 228 76
9 69 89
194 211 39
42 191 26
74 155 1
111 170 5
137 172 32
121 180 87
110 132 61
93 117 96
84 135 45
74 225 11
139 148 21
3 5 30
24 87 16
56 188 17
204 211 78
43 104 96
46 153 27
28 50 56
123 136 27
125 184 76
31 35 26
74 98 47
136 170 18
14 69 54
18 85 86
66 182 57
11 155 24
119 169 88
86 149 31
82 158 34
90 119 89
62 229 42
4 87 34
125 167 82
92 224 37
200 219 47
73 95 64
38 122 41
6 155 84
42 217 11
50 158 22
21 194 57
18 197 57
104 131 46
158 224 68
120 159 51
95 184 88
109 140 78
117 204 38
33 153 34
121 149 95
47 197 66
127 218 71
27 193 29
114 220 56
152 185 79
10 118 15
58 80 25
188 212 73
4 160 45
123 168 33
95 154 8
87 139 26
146 227 31
159 167 62
9 148 18
26 215 22
147 149 85
47 227 1
22 37 90
121 192 80
38 42 56
107 135 21
34 225 35
155 179 17
47 127 76
58 218 87
1 208 5
59 87 73
42 215 98
35 138 63
14 184 14
23 227 25
91 187 9
36 52 84
96 121 28
94 168 85
111 220 11
155 188 29
12 221 24
17 65 87
32 193 13
161 184 17
52 229 60
189 229 69
4 183 98
139 183 57
116 171 76
51 132 59
9 86 87
4 150 74
37 49 87
143 214 37
153 177 62
52 220 94
133 226 83
29 132 21
94 147 6
93 227 40
72 137 20
3 144 87
47 146 84
53 195 1
19 197 78
15 43 23
22 25 85
174 219 26
84 214 16
44 128 82
93 136 31
61 189 45
21 143 45
121 135 18
6 124 67
75 203 51
8 69 10
40 66 97
8 182 93
7 202 68
35 157 42
170 182 53
7 200 40
73 219 73
85 184 12
67 123 29
42 226 44
8 14 54
15 127 68
119 137 93
46 192 54
3 113 78
153 195 52
123 163 82
95 145 98
40 80 38
129 217 0
164 174 11
42 195 0
132 171 50
54 157 70
182 186 34
112 173 26
55 185 56
111 197 41
3 191 9
23 70 63
41 124 31
66 214 72
12 114 2
95 205 92
3 169 65
68 73 21
146 166 46
66 91 75
96 111 85
64 208 9
8 47 19
19 184 60
169 201 7
20 59 71
106 151 92
2 163 14
1 30 15
38 57 51
216 226 39
206 223 53
61 154 34
25 169 36
180 212 84
43 227 8
5 17 47
38 213 86
69 72 60
89 159 73
99 185 30
61 133 39
36 137 14
116 192 62
35 103 19
19 78 29
2 65 10
80 181 84
58 191 31
72 203 26
94 178 56
23 63 17
32 39 79
89 117 9
13 171 73
160 214 50
20 176 40
110 211 12
52 144 48
29 73 38
50 216 60
29 226 87
121 197 72
91 125 81
82 157 53
65 158 85
164 216 9
18 119 34
122 152 44
92 160 3
1 73 42
150 158 18
62 73 40
33 50 65
47 99 95
42 179 96
129 154 99
99 175 9
25 165 41
35 76 17
29 131 77
41 179 88
48 154 90
93 149 86
85 132 19
98 135 52
150 172 68
9 84 44
88 206 91
133 178 46
78 155 92
10 166 75
83 84 83
25 119 53
4 13 46
143 199 52
2 54 13
2 97 44
88 153 99
145 200 40
16 44 87
99 149 36
61 97 8
4 127 8
47 217 29
93 100 96
164 190 3
8 104 36
29 224 17
107 113 6
31 209 62
10 106 30
60 161 47
35 149 61
67 167 45
73 149 58
124 205 25
45 71 55
119 198 61
71 115 85
179 201 52
56 223 90
126 201 66
21 206 62
98 222 10
1 77 40
177 210 45
149 212 14
102 145 28
36 213 70
16 86 84
75 187 25
156 229 81
86 225 62
204 221 52
85 112 78
23 116 39
88 119 64
95 174 48
62 164 50
20 104 98
91 202 53
22 216 13
53 193 89
24 206 26
32 150 63
149 164 34
153 175 88
50 99 13
91 154 69
122 196 30
50 118 17
12 161 44
17 222 0
2 49 66
86 205 84
118 193 36
92 138 75
31 130 57
81 226 60
32 56 81
185 204 12
85 176 27
217 227 5
134 147 37
133 222 93
197 200 65
48 108 4
106 192 58
51 170 9
114 137 74
89 114 2
120 218 41
109 127 1
162 227 24
126 181 32
154 170 51
76 200 29
70 143 56
6 112 4
72 149 84
147 171 32
28 79 76
43 56 43
111 135 92
98 169 3
22 203 56
153 154 30
16 116 43
103 139 3
6 84 62
34 104 79
61 119 47
6 27 44
39 57 19
150 223 23
132 226 2
50 109 81
175 185 15
61 205 25
165 183 30
2 229 92
74 216 85
120 181 77
82 200 82
69 216 83
22 187 38
14 119 20
52 183 83
124 185 35
71 78 7
81 117 79
4 129 49
44 212 10
25 226 71
70 192 81
61 221 3
49 138 26
49 50 82
14 99 70
50 227 79
131 191 13
56 98 21
171 211 42
59 64 67
91 118 32
58 228 77
77 91 31
90 106 3
72 132 29
84 217 26
200 211 48
90 150 89
133 143 27
84 107 70
70 118 12
136 148 5
4 17 30
68 124 2
49 173 58
94 228 2
176 219 76
6 9 84
92 137 11
92 173 93
89 149 51
16 96 41
70 133 92
79 162 24
128 229 9
197 204 13
3 91 14
52 160 24
29 84 77
47 165 8
149 215 72
129 148 8
177 217 16
59 65 58
103 194 82
3 28 76
18 68 22
133 209 77
1 68 41
134 196 54
121 202 51
90 121 27
19 28 13
120 185 99
11 12 41
173 203 70
95 155 27
99 223 14
167 172 89
134 193 57
32 162 31
106 123 1
86 172 52
79 212 76
15 147 83
76 204 16
39 99 60
59 164 53
105 211 64
23 216 12
150 173 5
211 229 63
155 186 94
63 208 51
44 174 48
36 183 27
109 149 90
19 200 30
22 193 95
7 225 27
70 183 31
111 200 66
14 17 43
77 78 70
171 218 26
80 165 18
85 87 39
59 124 84
168 192 50
182 188 83
156 223 92
101 162 17
55 169 73
128 181 33
12 158 85
62 115 48
15 29 12
47 203 55
18 78 12
82 201 8
78 98 12
42 169 25
29 104 17
138 181 69
50 152 80
48 165 24
108 134 76
6 41 43
118 137 94
20 90 38
116 206 20
34 126 60
62 204 77
17 100 82
187 212 41
190 202 96
191 196 35
150 164 32
150 186 58
4 182 66
24 93 52
88 158 5
138 191 38
97 159 47
25 196 71
126 182 95
99 139 12
165 208 78
2 10 65
96 169 27
60 123 4
99 100 46
133 148 95
109 143 58
4 18 39
75 107 41
190 205 28
61 218 84
86 154 67
91 133 19
104 169 78
176 191 40
208 215 88
10 28 83
198 210 15
51 127 43
83 207 29
133 159 55
15 54 70
92 159 73
8 38 57
129 166 86
164 185 39
64 104 77
32 51 85
6 91 85
46 187 41
124 132 12
102 148 88
136 159 50
87 93 6
164 226 29
48 136 11
23 52 71
219 229 0
50 160 54
5 76 5
41 194 19
12 132 8
38 121 59
16 129 91
129 182 50
161 203 93
35 56 38
27 195 55
99 210 4
13 55 23
205 209 47
100 179 83
178 192 0
37 60 8
10 212 58
168 199 95
9 183 30
91 129 84
141 209 4
131 225 11
113 116 24
47 89 67
68 137 8
123 188 67
132 220 37
103 104 77
32 70 52
47 92 28
65 172 99
33 136 3
64 92 48
119 136 83
69 184 74
74 171 3
13 161 68
74 163 69
34 44 37
48 164 27
31 195 23
34 142 46
101 160 99
28 91 80
69 109 10
64 146 53
170 179 26
46 50 43
65 153 90
62 130 66
130 154 63
128 186 41
55 189 28
153 214 89
108 115 91
80 137 65
3 19 96
20 148 63
8 108 41
3 99 93
69 147 76
53 124 74
27 219 70
65 170 19
133 175 36
24 30 26
24 54 14
158 186 26
60 134 53
18 185 25
83 156 93
24 110 2
21 208 87
89 141 86
2 148 78
41 183 7
95 220 72
53 162 43
67 142 65
21 123 77
128 170 19
132 186 11
64 165 50
30 84 0
16 60 60
195 228 54
4 131 74
71 104 60
30 31 19
99 192 39
45 119 9
39 187 17
129 138 49
20 187 30
199 226 44
26 168 10
31 70 29
51 117 33
4 81 41
134 195 82
15 196 26
65 74 62
11 106 18
26 103 80
78 80 76
80 213 90
100 161 69
18 173 60
26 219 24
45 225 97
80 208 81
27 83 13
62 148 20
23 35 98
117 174 65
58 89 37
92 132 39
57 82 60
8 46 29
2 128 63
33 67 25
32 141 26
29 163 20
28 137 12
95 131 81
129 221 32
41 162 22
48 54 20
34 154 72
32 223 56
57 206 28
148 202 4
61 124 19
71 177 46
72 150 4
36 72 24
34 218 83
142 167 34
36 204 94
117 187 49
150 192 21
84 127 62
45 214 10
60 192 11
126 211 26
48 203 84
88 102 1
110 180 44
64 166 11
108 118 38
179 206 65
62 195 89
93 114 50
112 166 49
21 83 69
138 203 22
118 228 87
73 110 21
198 203 58
11 187 54
174 206 45
185 213 35
58 198 10
46 77 54
81 162 63
191 224 51
68 147 22
162 197 87
100 222 62
30 51 59
176 182 55
105 153 60
46 69 58
46 73 0
114 144 0
123 211 87
11 100 51
135 167 88
176 184 20
62 185 14
29 174 71
58 106 32
117 193 88
46 199 13
100 132 51
63 79 20
38 188 22
184 220 46
131 175 71
70 170 31
175 201 33
40 197 38
10 218 54
68 209 52
64 174 17
59 120 62
32 184 86
130 150 83
134 205 37
37 173 45
115 128 48
35 117 65
171 207 5
83 129 55
70 112 76
168 204 27
112 224 58
100 103 9
73 104 16
98 215 89
25 91 80
114 153 68
4 140 52
107 128 71
15 153 40
133 167 37
82 185 69
124 167 43
6 63 63
75 194 83
60 208 45
36 223 7
109 153 48
51 152 44
128 185 96
98 173 17
56 192 0
126 171 43
68 214 37
60 94 27
18 136 41
13 218 55
24 33 69
46 97 75
80 203 61
94 204 52
179 205 18
93 195 95
13 51 17
6 195 23
97 126 56
130 139 8
21 137 3
13 229 91
38 107 83
67 79 58
67 189 79
28 184 14
81 106 23
3 59 16
167 177 55
81 158 66
62 156 49
117 226 40
105 177 55
15 51 89
145 206 27
137 229 11
156 195 22
47 181 17
93 194 5
124 157 84
111 181 3
114 157 8
120 123 11
100 219 40
79 190 33
57 119 64
1 135 67
150 182 74
90 184 61
45 211 46
107 185 61
76 135 52
55 201 68
42 177 90
138 143 62
197 210 27
58 204 10
20 43 60
1 35 12
5 12 23
20 81 96
3 216 21
181 229 8
194 199 61
31 74 25
47 184 98
162 186 61
164 195 24
5 118 85
36 205 60
6 30 58
38 69 28
58 167 73
69 188 40
124 176 79
36 212 96
36 225 71
96 101 53
177 186 29
188 223 52
8 101 57
158 214 12
48 107 79
23 178 18
70 163 27
1 176 30
26 200 78
101 152 41
72 199 85
62 161 11
14 157 12
82 170 27
109 157 80
144 151 50
28 133 92
150 229 45
30 132 50
51 211 44
32 77 13
46 101 60
26 144 95
219 223 47
72 100 30
32 112 34
135 164 72
204 212 19
107 205 66
81 182 50
26 135 51
108 186 39
140 209 54
3 67 33
197 203 50
1 50 9
56 185 15
168 191 51
76 187 22
99 188 20
6 122 63
147 180 42
148 220 39
55 116 81
83 208 48
82 104 3
132 160 58
26 206 96
111 188 3
17 162 49
64 210 73
72 98 39
42 54 14
17 153 31
12 37 95
102 175 69
119 210 12
22 85 9
105 208 47
25 44 91
100 135 26
126 142 73
88 157 45
140 191 63
101 147 58
8 189 0
76 112 49
189 213 53
97 167 60
114 155 68
30 57 58
71 186 85
137 208 64
24 205 11
94 217 58
20 162 37
52 223 9
104 228 44
103 166 35
138 165 25
35 74 6
23 193 68
21 195 24
111 182 14
60 196 37
81 140 96
140 197 96
96 194 18
24 169 33
153 219 34
89 102 9
43 153 29
116 220 16
54 144 80
109 188 91
69 86 0
215 224 67
109 200 72
202 212 78
110 115 86
44 102 16
71 193 25
58 68 13
163 186 65
153 183 53
110 135 68
37 141 76
145 199 92
21 178 21
16 79 33
80 109 83
49 175 41
51 161 51
45 196 86
70 167 96
220 221 37
23 103 8
16 159 70
140 149 51
153 178 70
47 166 79
44 186 15
107 118 2
15 174 14
9 104 95
130 227 95
20 78 60
134 197 74
163 179 40
26 29 75
133 228 84
7 150 26
14 147 35
30 220 21
71 226 93
121 174 51
10 99 64
36 96 11
169 189 25
30 79 51
177 229 78
35 198 52
88 213 47
206 219 20
23 84 42
5 41 74
171 225 1
68 88 10
98 178 31
112 133 88
138 172 54
25 137 9
122 198 95
102 202 71
64 160 78
202 223 0
11 75 46
111 205 56
91 99 10
115 167 96
31 196 25
156 170 65
72 159 30
163 187 93
28 72 14
54 145 32
62 152 34
161 217 59
190 196 47
119 206 66
118 139 99
32 143 17
51 221 87
125 207 25
28 39 22
81 228 48
157 219 29
20 178 46
7 62 31
64 220 15
7 199 83
27 43 0
164 176 30
48 106 4
32 172 47
25 97 59
49 214 87
76 209 61
5 217 25
158 208 21
108 122 17
16 53 37
9 27 60
170 198 19
7 120 91
18 90 1
187 224 22
70 203 27
133 199 98
66 133 14
117 216 57
129 227 42
76 192 42
178 214 19
96 163 39
192 214 38
27 204 87
14 213 4
214 217 82
29 147 83
39 117 98
90 189 31
31 163 54
52 93 97
143 144 99
41 88 96
194 210 34
29 74 38
15 164 46
41 210 2
94 129 16
160 167 37
141 145 60
26 119 73
139 184 74
147 160 57
187 195 52
63 138 33
145 179 96
49 57 10
151 187 94
14 60 53
90 147 44
18 40 84
18 35 99
151 214 69
182 202 39
70 194 59
25 195 50
37 198 59
80 99 75
26 181 43
17 47 31
79 81 93
36 115 80
32 86 16
6 42 17
96 190 56
48 187 35
49 188 14
29 213 39
148 182 45
37 62 5
10 25 5
94 150 28
94 100 60
74 173 23
122 165 33
10 173 52
70 190 74
20 190 6
121 158 78
34 77 62
79 178 94
137 200 54
91 120 32
142 144 94
82 88 35
45 145 62
107 116 17
10 176 78
152 199 33
203 214 28
118 173 39
9 24 14
139 192 4
168 188 36
114 133 98
42 88 54
99 177 19
5 224 30
100 192 21
1 92 45
134 221 89
36 123 66
171 194 66
36 88 78
17 183 5
33 164 75
45 81 65
172 193 50
78 150 3
41 227 33
132 183 73
120 128 49
61 184 74
102 146 88
1 23 56
46 174 10
57 220 38
13 211 22
110 218 11
9 131 95
91 208 89
102 205 59
15 215 65
179 203 94
145 229 70
35 77 29
39 143 50
112 156 68
184 194 34
129 184 38
42 203 56
52 207 75
42 139 54
84 224 64
3 32 84
94 136 45
133 169 88
101 177 9
54 124 81
67 81 3
123 186 94
85 203 1
93 116 57
22 195 47
199 210 91
185 224 10
140 175 21
44 215 26
78 118 11
87 167 42
17 161 11
68 210 76
31 68 63
53 114 92
28 153 95
59 190 38
48 153 95
102 162 91
120 217 72
70 93 38
129 151 33
164 211 2
80 211 21
104 142 6
52 134 73
63 110 32
1 224 69
68 104 54
112 219 49
28 95 83
136 138 76
37 77 33
58 62 55
11 50 80
70 72 94
17 173 93
2 31 61
28 157 71
33 191 96
30 105 89
102 134 10
164 168 98
55 79 77
41 129 99
157 171 65
26 182 90
158 210 2
84 165 81
214 228 39
26 109 79
29 33 18
80 110 54
34 202 70
148 193 15
118 181 23
124 213 14
106 221 82
20 40 71
47 85 62
95 197 91
7 52 68
66 97 1
141 192 13
3 8 23
51 141 66
36 178 53
152 195 45
85 216 79
59 78 22
82 111 21
129 186 4
63 104 60
36 221 75
74 140 44
156 167 3
106 113 90
72 131 44
86 169 5
178 227 4
92 102 38
49 60 46
181 202 12
100 171 79
53 81 31
29 144 45
32 101 47
3 135 85
127 187 85
109 155 75
28 121 59
103 111 87
14 173 37
160 207 80
32 221 81
50 228 34
83 141 64
14 113 90
98 139 14
151 165 51
116 166 53
37 81 66
23 132 62
14 29 92
222 226 74
16 108 78
189 214 63
45 84 57
76 124 8
60 92 39
64 227 83
15 218 22
120 161 79
130 199 55
135 163 49
70 124 33
94 195 96
73 113 71
123 169 39
127 131 51
91 140 42
64 153 19
19 154 10
109 117 11
134 148 23
15 59 28
79 188 6
43 122 7
93 138 25
213 227 11
137 221 27
49 102 17
44 179 84
39 181 78
18 189 27
38 78 19
57 176 39
156 160 84
14 39 7
80 131 50
78 137 17
108 224 10
22 96 19
77 158 63
77 177 76
43 199 36
90 229 18
75 164 34
123 167 7
13 94 20
94 157 98
99 120 43
7 148 41
7 208 19
38 142 63
17 39 62
60 229 48
35 43 78
48 195 54
72 110 81
30 176 83
92 140 99
20 94 3
26 151 92
123 153 40
129 172 45
100 107 93
82 227 22
55 202 91
93 124 97
135 207 48
56 148 54
45 49 51
113 130 55
14 223 23
118 213 51
44 105 3
4 19 34
25 85 75
138 220 65
91 165 87
117 217 53
164 183 75
35 142 56
33 161 73
86 166 30
6 79 13
66 227 32
22 76 6
107 155 41
119 205 78
155 157 39
159 186 96
77 213 59
45 190 42
204 218 86
17 152 43
88 161 4
146 190 4
99 228 28
5 200 49
5 211 96
154 176 99
83 110 12
114 192 34
80 133 19
25 218 21
90 107 85
84 194 80
38 152 39
59 75 27
159 180 54
91 135 93
26 165 69
135 225 43
6 48 16
78 103 12
52 204 80
100 167 90
11 209 27
30 56 48
4 228 43
142 212 1
1 193 75
153 201 72
19 179 11
69 145 59
97 131 17
40 94 9
39 50 99
7 95 5
22 132 10
76 216 37
11 69 15
113 215 52
78 225 4
109 192 1
25 135 48
33 172 69
130 214 47
148 213 39
66 101 67
46 170 64
15 219 73
68 185 27
153 224 19
32 210 74
6 219 64
1 71 72
74 150 86
83 144 43
56 101 39
9 56 16
55 107 14
47 116 87
113 144 49
68 75 51
30 35 62
173 201 75
55 138 81
102 120 91
36 107 29
93 199 45
38 172 31
29 117 45
58 147 80
75 172 4
92 111 96
4 191 91
148 159 6
26 27 9
206 209 71
43 52 91
72 129 5
51 108 9
142 203 54
64 73 95
31 225 64
62 87 1
35 220 61
5 11 35
20 28 64
123 176 96
106 182 8
76 82 97
107 175 15
122 203 97
103 176 7
108 112 36
190 220 98
11 19 68
132 170 3
9 90 85
135 205 45
117 137 36
73 134 75
86 104 83
130 172 95
84 186 49
82 129 38
4 62 44
80 139 70
108 184 72
34 190 72
22 116 69
13 180 90
180 217 13
66 68 37
77 107 81
22 177 10
7 44 36
81 136 36
59 200 93
56 126 52
142 181 15
32 96 76
23 138 98
55 221 48
135 218 99
32 211 84
83 102 36
85 144 98
104 178 65
96 156 10
2 9 45
110 213 74
48 194 47
55 72 32
2 135 62
33 69 95
98 163 90
172 222 68
52 114 9
5 151 5
51 214 51
102 105 53
33 85 26
4 31 62
61 96 89
51 107 30
97 204 34
31 228 23
48 224 0
34 106 0
71 217 12
68 84 17
35 89 5
80 189 72
58 69 12
173 212 51
21 151 42
99 176 32
109 199 47
53 63 97
12 113 60
130 138 22
151 173 39
164 217 46
48 190 37
166 200 80
21 32 32
114 189 5
70 131 23
129 168 77
112 216 73
35 218 75
96 185 0
76 179 58
92 124 98
99 123 87
36 90 53
97 100 20
110 165 45
32 149 57
202 209 37
35 91 21
111 224 27
158 176 49
28 63 31
91 95 38
19 153 66
146 181 7
104 107 17
36 159 96
58 189 87
76 224 83
50 70 17
7 139 67
131 173 40
35 84 60
99 119 98
104 116 71
67 200 82
40 43 33
43 132 96
33 55 35
97 125 83
5 156 81
35 127 32
24 194 81
6 110 22
105 128 68
154 220 71
55 67 18
76 88 6
27 100 88
46 90 80
45 149 4
11 171 34
38 200 71
136 174 44
46 197 39
2 80 93
173 181 44
86 138 75
87 146 2
129 136 42
179 216 74
172 194 66
46 181 85
30 165 35
81 201 87
51 66 57
154 167 64
127 192 13
5 184 52
25 152 3
4 38 84
132 200 89
141 160 77
147 169 51
108 128 18
51 63 84
12 78 5
7 174 13
126 145 63
7 153 46
68 118 87
150 195 11
141 185 70
31 161 2
56 60 29
14 66 63
34 38 95
66 151 12
144 195 30
161 173 95
14 33 50
67 91 23
26 167 23
19 68 12
1 10 83
12 67 13
39 76 95
43 177 34
43 163 50
63 85 75
135 215 19
118 125 7
120 199 84
140 222 2
58 126 43
116 212 52
96 168 9
49 126 98
14 116 31
85 140 28
5 61 62
213 226 88
130 160 7
180 229 85
113 205 69
85 217 7
15 193 97
188 214 45
81 173 39
23 55 4
6 74 7
28 46 49
89 215 36
67 133 37
45 202 99
142 184 81
51 82 70
71 207 95
22 154 92
98 158 79
193 229 60
3 78 68
95 171 35
50 229 28
218 225 23
165 210 72
99 125 36
92 101 72
165 217 47
84 212 87
60 180 19
127 226 27
26 40 17
143 212 12
114 126 0
72 102 7
10 205 80
124 228 83
176 212 7
141 166 30
125 135 36
32 182 21
126 127 36
178 188 69
102 156 98
120 157 53
77 161 53
109 223 62
103 160 44
78 102 0
8 84 22
33 44 24
156 184 48
33 106 38
78 188 59
51 183 80
71 224 39
47 183 90
196 225 41
3 201 41
159 164 93
5 225 99
40 212 90
97 178 11
158 183 42
82 210 18
187 222 23
10 168 28
182 214 95
173 200 86
13 226 34
48 199 0
20 189 32
8 16 81
10 21 49
47 210 33
130 190 37
163 195 75
101 105 89
5 32 45
15 156 95
70 195 42
89 167 75
58 154 1
55 212 87
58 229 35
123 212 15
91 158 5
67 140 70
87 141 34
73 135 84
46 76 29
123 165 59
119 195 93
98 159 35
35 93 13
91 144 90
137 217 11
28 80 1
33 205 69
40 208 30
15 162 24
30 195 11
9 17 90
47 178 46
34 73 50
7 71 20
47 156 32
207 218 97
53 82 14
86 120 67
22 124 73
124 200 53
53 148 90
121 218 82
104 164 15
125 150 30
31 215 80
86 213 0
41 117 63
101 114 54
22 43 82
52 178 72
12 19 55
158 195 68
60 179 2
62 83 27
1 174 40
138 154 5
97 99 99
22 129 41
5 103 55
144 199 15
48 124 86
50 101 36
175 179 61
108 223 2
103 145 45
140 146 12
53 197 26
112 159 59
165 185 84
155 197 8
74 117 46
170 213 80
2 11 63
54 156 51
63 222 25
12 192 31
5 134 95
181 206 50
6 90 65
87 140 13
160 168 0
32 179 49
141 180 73
177 198 66
42 186 12
166 213 22
165 191 89
121 187 97
53 128 99
31 181 84
169 178 71
105 112 20
73 142 16
146 207 54
12 118 55
28 36 82
173 198 22
17 199 47
133 171 28
99 104 84
131 169 99
36 215 82
41 157 9
33 64 65
53 90 78
4 212 8
133 219 31
97 218 48
46 215 81
61 101 53
27 138 51
147 168 11
132 188 18
51 139 85
174 185 1
138 227 76
152 184 32
43 106 56
5 195 99
216 219 32
134 224 72
94 103 72
142 156 24
143 210 91
36 224 53
29 197 95
102 114 13
47 172 35
32 209 21
114 215 31
16 71 85
96 162 22
12 227 27
81 155 82
196 209 44
22 228 98
14 148 56
123 204 64
43 159 29
19 85 39
38 91 41
61 122 71
165 176 84
43 70 74
52 133 38
115 171 23
74 76 66
54 228 24
32 206 94
69 194 75
165 215 53
20 73 38
119 127 71
97 200 27
33 212 65
185 227 89
163 207 9
123 156 93
11 163 63
108 155 88
51 109 59
78 204 82
73 195 54
121 226 34
187 189 30
72 128 20
91 114 43
33 187 92
58 168 47
99 143 99
2 116 10
85 130 92
10 36 14
164 222 89
102 215 6
116 125 20
73 116 81
102 116 41
52 128 65
120 206 1
14 193 10
137 169 22
122 207 65
126 183 12
113 175 36
156 222 44
56 124 99
44 195 48
193 205 34
172 175 6
140 170 13
26 133 52
162 218 94
152 175 87
28 31 61
42 117 35
97 215 15
30 166 78
24 77 80
43 166 88
125 140 76
13 140 85
87 110 69
17 148 76
140 195 99
34 95 95
1 138 71
65 123 84
182 225 35
176 229 78
86 118 14
45 176 38
69 225 96
3 75 96
152 179 17
100 158 71
110 127 59
1 203 17
151 153 37
136 211 54
60 82 81
124 170 54
40 165 27
73 81 45
79 91 12
134 209 14
26 228 29
25 116 33
30 63 25
12 204 78
146 147 54
33 116 93
119 211 66
23 144 87
150 155 75
34 222 29
30 81 18
119 229 3
70 207 7
188 195 79
79 185 39
29 125 90
33 100 77
50 194 89
153 166 12
46 123 84
32 58 90
19 149 99
74 118 24
103 142 27
80 200 55
75 127 10
69 126 9
191 219 20
71 98 64
53 80 9
129 135 57
16 145 94
41 92 53
61 206 44
9 141 2
48 178 15
18 81 51
61 91 33
81 96 27
150 211 80
164 201 86
19 32 34
55 191 68
25 58 30
136 226 41
61 88 71
23 173 61
20 54 96
193 195 80
65 98 6
22 112 64
1 4 28
97 184 14
82 114 64
23 38 94
21 59 76
99 214 76
60 68 41
182 222 1
3 136 35
57 222 22
41 193 9
136 183 81
45 186 63
79 220 49
58 156 84
45 181 48
79 202 22
174 203 62
13 168 21
52 206 63
67 205 64
17 81 99
60 173 67
10 38 13
21 187 41
79 204 23
50 201 67
190 223 96
98 113 28
43 134 62
103 172 13
180 223 68
130 198 39
76 193 53
77 209 6
97 145 84
14 214 5
87 112 74
147 208 66
78 111 28
165 188 45
2 87 6
50 52 18
16 64 89
65 214 75
34 167 15
29 133 42
110 199 79
117 181 5
2 205 51
32 120 39
192 193 70
89 120 60
123 133 36
52 132 18
100 165 36
57 199 89
18 106 98
41 211 87
178 222 62
90 103 95
112 199 8
84 106 30
69 213 66
84 210 87
94 174 76
123 201 11
60 175 3
62 157 30
21 49 43
81 159 70
155 201 12
154 156 54
16 102 26
110 171 0
140 203 46
135 175 96
179 218 55
67 226 52
17 200 92
100 106 50
116 146 98
34 168 41
10 197 48
25 43 67
185 192 40
144 217 23
61 136 60
49 64 89
79 191 26
20 95 80
18 115 37
70 200 78
26 123 26
22 126 19
112 218 28
130 217 63
99 208 74
139 227 81
81 186 9
130 135 14
185 209 83
32 44 95
84 183 31
51 80 29
31 105 91
28 29 38
131 185 36
91 155 43
120 220 1
66 75 29
91 93 45
5 121 52
6 106 7
101 182 25
21 158 35
157 167 40
42 165 17
1 57 17
6 34 28
69 120 80
96 220 98
44 154 99
135 227 58
4 134 29
17 111 49
64 137 40
20 141 83
30 163 75
19 163 11
32 98 28
42 47 41
78 159 14
86 161 0
168 211 30
19 55 69
43 160 53
78 181 28
184 190 12
78 125 86
121 179 43
57 207 54
10 120 71
30 192 18
102 183 90
14 89 88
50 76 13
21 145 96
90 180 7
43 87 62
108 117 48
27 205 35
217 225 54
19 172 50
10 217 44
89 197 16
12 175 86
23 127 64
74 77 6
28 130 25
157 213 74
70 102 46
22 167 84
42 175 63
142 150 61
28 200 26
140 164 38
5 40 97
52 112 48
18 63 27
122 183 0
167 170 59
193 200 6
40 71 18
27 63 15
169 228 86
4 58 57
102 164 39
96 226 99
41 115 50
25 202 22
186 227 62
92 96 11
31 103 36
103 175 42
53 171 55
139 205 99
12 99 78
20 164 4
193 228 49
93 99 62
171 185 15
142 182 9
170 193 93
200 212 8
89 110 38
67 172 93
112 202 77
33 147 74
160 198 83
28 220 87
88 184 81
4 94 70
113 157 19
137 210 6
111 187 80
114 123 97
51 70 85
34 208 60
171 174 88
17 216 5
146 163 13
73 111 70
100 117 98
24 210 82
33 229 86
13 58 92
52 222 99
19 46 20
154 190 64
140 157 13
132 214 9
76 125 99
176 226 21
17 55 74
54 175 61
70 177 98
141 161 16
21 46 43
58 64 9
74 181 43
10 95 69
11 169 92
48 122 43
116 222 12
14 135 36
115 133 64
46 220 57
104 150 13
11 52 78
31 72 62
102 141 84
9 80 1
61 100 20
81 94 41
54 106 72
27 228 74
6 50 23
64 155 48
59 208 83
185 197 69
104 152 54
114 121 32
69 149 51
214 218 22
36 65 15
7 32 88
161 163 91
60 170 46
188 196 87
31 51 60
154 196 42
115 228 22
152 211 52
188 204 56
43 148 88
22 200 15
63 92 14
39 78 75
24 31 99
56 66 21
1 105 8
161 187 31
2 171 37
124 168 10
66 124 51
152 200 13
2 220 82
40 73 94
97 214 9
120 200 36
55 76 8
138 214 27
28 174 80
100 220 21
28 60 70
8 43 73
7 42 20
28 213 91
28 216 48
1 111 12
1 72 24
153 180 22
76 202 60
69 161 37
51 229 90
31 203 95
47 190 6
107 178 42
39 42 62
14 219 34
136 224 79
36 210 34
123 219 55
89 221 97
52 189 49
20 26 66
8 127 65
45 188 67
83 201 37
167 186 57
74 227 11
128 227 94
169 213 4
19 88 33
104 166 24
101 165 85
101 173 14
105 130 60
91 204 31
62 99 56
43 228 46
48 75 65
31 124 29
85 155 21
113 141 10
13 22 97
119 179 19
123 147 46
71 88 22
135 172 66
42 144 79
22 92 47
75 82 38
149 202 12
48 173 37
80 120 9
65 162 4
22 27 46
98 111 63
78 96 97
147 178 38
204 214 2
178 199 13
15 42 78
61 134 12
100 195 39
30 228 57
29 170 16
119 124 83
66 186 55
70 90 1
157 222 20
38 194 41
21 126 18
111 166 91
47 157 67
23 100 9
75 155 72
79 209 84
80 219 34
83 88 24
107 184 7
152 212 79
114 135 23
37 52 71
72 134 39
45 208 96
130 148 86
83 92 9
81 93 73
62 132 94
84 169 84
39 110 93
12 184 15
61 163 28
14 195 42
104 149 92
47 201 49
78 79 19
18 57 98
25 69 28
74 221 25
170 186 3
152 181 34
151 229 62
42 163 24
95 149 2
5 20 65
115 195 86
69 214 87
79 226 17
1 106 71
119 158 90
6 156 18
112 143 21
129 214 45
126 155 22
103 229 69
133 203 98
96 103 6
82 203 7
39 47 1
83 109 8
78 136 25
89 99 90
123 134 34
2 74 20
136 185 4
39 218 91
70 110 19
150 198 42
153 164 1
1 199 98
43 77 76
7 218 79
22 184 20
224 227 45
83 163 27
52 172 36
28 48 6
66 216 88
57 219 22
7 90 46
105 212 44
175 199 75
63 140 84
151 212 1
21 80 63
68 146 39
114 163 33
115 163 70
7 47 3
72 191 73
10 128 77
60 227 32
43 63 34
51 217 83
5 153 42
75 119 57
93 121 20
64 187 93
10 41 55
14 91 42
51 138 28
18 58 69
21 127 28
197 202 52
184 216 37
8 99 96
22 217 51
21 225 3
42 55 62
43 49 27
25 90 20
146 177 13
107 209 57
60 174 31
14 199 99
112 210 24
88 205 68
84 115 46
37 202 93
107 176 83
14 189 71
5 192 25
39 116 24
110 191 13
10 184 22
54 199 11
107 132 65
105 107 89
40 64 6
7 206 92
16 183 68
151 197 61
52 142 25
141 227 91
151 207 78
76 84 20
80 124 54
80 121 26
99 128 90
105 224 12
42 58 88
49 51 69
125 203 2
172 180 55
52 104 97
145 193 61
9 217 60
5 92 60
59 69 60
31 42 40
17 118 44
1 115 84
134 163 89
81 224 50
137 185 13
24 85 27
139 229 72
90 99 82
42 105 56
65 176 73
122 178 78
128 172 11
100 108 6
166 181 8
11 64 50
18 229 27
46 203 1
112 207 34
17 139 40
15 108 87
49 103 97
176 177 43
6 226 63
37 40 7
62 200 7
26 177 77
10 208 22
140 200 9
189 191 96
98 168 50
50 171 49
27 137 18
16 147 99
58 203 29
10 196 37
33 193 5
39 157 13
4 125 82
42 148 18
89 91 94
20 52 3
169 229 56
124 144 97
106 150 36
65 120 23
92 107 62
31 37 30
15 202 86
58 113 83
178 225 26
29 49 92
87 216 14
174 205 41
42 60 84
101 198 92
8 167 52
1 121 89
24 50 44
21 134 99
6 184 28
165 178 83
153 197 84
11 168 97
73 138 15
112 124 47
81 95 15
7 205 15
149 170 92
90 161 88
91 141 96
81 116 23
57 163 15
191 215 23
37 91 89
70 174 33
74 119 53
50 141 37
12 169 9
157 174 84
179 228 25
98 146 11
153 158 69
13 134 56
102 190 12
11 180 89
53 135 95
101 141 33
194 222 56
72 182 29
39 214 11
1 104 8
75 180 43
19 40 72
84 124 35
53 107 7
192 216 50
141 167 37
70 151 93
19 219 76
29 175 86
31 219 87
91 219 15
107 169 60
96 200 63
18 227 28
167 204 70
173 194 48
69 174 80
43 144 52
125 194 56
93 104 16
22 32 90
91 169 3
103 212 34
56 190 76
62 177 81
181 194 2
48 222 16
45 185 47
17 89 76
10 135 89
48 92 25
135 186 1
81 160 58
7 125 96
103 138 44
69 157 85
43 86 56
103 124 86
30 171 6
81 109 37
110 206 94
123 180 29
90 101 82
107 212 21
24 146 54
143 192 96
58 159 95
141 170 14
8 97 10
53 134 93
150 174 11
2 43 64
52 88 56
97 172 40
55 98 18
79 133 37
9 215 55
56 71 53
58 97 31
82 125 3
23 187 38
89 111 36
87 194 49
25 55 56
13 199 75
136 182 40
7 54 83
64 221 71
30 72 44
125 154 57
186 214 76
5 66 64
116 196 20
83 173 71
50 104 30
111 171 95
8 145 7
78 139 11
8 147 56
17 29 38
61 125 36
155 195 19
93 109 36
19 44 95
16 229 82
157 170 20
90 123 49
37 118 95
27 66 97
90 224 97
130 171 85
171 206 87
122 153 33
80 161 67
78 148 79
1 98 52
21 40 52
38 45 27
107 110 80
10 52 28
53 157 55
63 151 89
152 192 89
3 57 41
67 89 88
64 72 62
76 197 26
50 119 71
40 187 61
151 189 13
51 104 44
132 148 55
101 193 21
17 18 50
124 218 29
3 74 12
109 124 23
14 228 41
129 140 2
30 94 65
16 49 46
4 54 34
83 165 4
90 149 98
174 202 15
37 61 88
145 213 86
49 101 16
3 103 20
121 125 98
38 156 68
39 60 75
126 139 72
142 145 46
15 92 62
23 201 9
89 190 6
86 204 42
201 209 17
4 63 79
145 174 17
135 173 21
25 120 3
164 167 56
19 114 37
86 92 42
80 163 97
64 133 66
66 212 20
83 115 90
12 225 66
23 128 2
127 190 77
14 167 38
6 55 47
153 184 37
13 21 40
14 218 81
5 34 77
36 198 63
6 101 7
178 220 17
57 75 63
77 175 44
7 198 13
50 134 20
116 197 96
121 153 80
47 71 36
45 95 26
5 174 21
200 203 44
144 204 50
170 221 75
71 196 68
71 87 46
19 181 9
128 222 69
124 194 70
26 227 13
40 114 80
42 92 36
4 95 55
168 216 79
59 81 50
17 91 10
79 208 13
142 169 3
12 97 36
41 45 20
34 117 29
68 207 47
215 218 40
117 178 59
101 144 77
104 168 10
51 114 97
28 150 96
19 142 32
131 180 24
4 27 38
86 119 97
113 224 83
112 138 56
93 103 56
117 145 48
4 61 71
77 152 91
45 183 77
37 138 76
168 221 52
33 129 75
201 228 35
176 222 50
43 66 67
36 144 77
115 148 26
158 200 49
100 109 94
61 165 47
76 133 98
26 36 12
82 83 70
26 43 56
81 92 1
17 92 75
59 68 16
47 224 90
140 186 90
25 111 51
14 37 58
53 121 76
20 154 1
49 124 98
110 123 84
42 137 14
16 99 78
49 88 37
27 146 41
61 131 84
29 35 50
17 166 37
4 114 5
129 178 57
51 78 50
116 144 16
137 183 78
45 194 31
49 171 16
137 144 31
89 183 60
195 199 35
183 204 60
84 97 34
55 170 57
106 124 1
3 86 34
107 146 80
34 129 85
64 76 85
66 177 75
33 101 80
59 209 97
13 84 90
137 186 82
41 73 77
71 92 86
131 141 91
99 105 5
94 226 52
8 199 40
194 226 12
69 81 53
42 113 74
28 223 1
87 192 56
67 221 23
3 10 11
16 224 58
54 59 16
42 94 79
14 190 34
16 189 34
23 142 0
160 162 79
32 137 14
140 190 87
164 229 49
79 90 95
149 203 1
53 93 0
16 114 45
32 131 4
147 228 0
158 172 33
142 223 56
40 125 12
42 76 58
185 226 47
45 67 30
171 212 40
122 211 34
1 196 98
19 41 27
120 195 77
51 210 59
34 144 28
4 107 87
24 166 99
70 227 48
31 50 81
33 214 10
35 135 68
39 43 41
1 216 43
52 121 30
29 90 60
92 167 18
200 210 95
137 190 52
75 221 29
76 212 70
63 198 36
63 228 26
62 135 41
125 219 66
66 206 42
52 157 5
16 209 54
123 146 97
63 133 65
43 90 1
91 225 68
178 216 32
125 151 63
48 53 64
38 97 79
49 190 3
42 161 22
146 170 51
136 168 71
141 195 42
77 82 21
39 229 83
54 66 96
127 143 26
32 35 26
23 169 17
27 135 47
112 223 8
130 134 72
52 187 15
17 93 25
42 100 75
37 186 74
75 136 53
148 226 80
97 109 66
19 36 41
175 190 11
23 36 65
116 131 63
100 114 58
107 211 24
52 216 9
204 224 34
71 169 70
17 224 26
126 178 5
205 211 82
5 93 30
26 185 25
43 217 71
30 103 9
177 192 56
157 220 90
91 215 7
125 142 1
133 207 69
123 224 78
30 116 58
54 100 0
92 181 71
58 187 6
79 92 82
54 172 41
129 171 1
130 175 38
131 146 55
32 76 14
48 88 0
138 193 51
29 191 41
99 199 6
89 154 19
44 187 66
145 166 49
63 147 36
30 111 20
21 166 76
29 228 84
91 113 33
27 173 54
143 164 91
129 225 82
30 162 9
46 92 7
133 147 94
87 115 61
188 216 6
99 202 79
89 115 28
68 125 37
24 43 66
114 122 93
137 195 59
147 167 25
78 182 57
51 199 52
114 198 72
40 48 42
10 109 16
82 217 50
62 107 11
180 215 71
7 103 0
13 76 31
57 189 13
126 199 3
141 182 82
61 155 71
49 195 17
15 148 83
44 126 61
144 209 64
1 51 50
8 169 48
17 68 23
192 225 90
16 85 49
105 139 9
158 188 55
116 200 44
81 135 60
53 68 25
35 148 87
198 202 23
159 182 34
96 181 16
11 157 40
34 116 61
13 28 67
30 142 79
1 101 12
107 120 95
187 200 66
90 197 64
52 152 24
20 25 42
22 221 36
207 222 62
31 157 55
94 218 69
17 155 1
36 176 15
36 190 2
13 99 1
39 51 50
123 138 70
80 86 97
78 165 93
40 167 57
1 213 76
15 169 49
92 195 53
165 167 38
112 145 45
73 92 3
12 120 62
78 207 74
56 80 47
8 133 29
25 47 99
15 203 19
61 69 88
98 214 82
197 221 91
92 134 56
5 142 11
204 205 58
62 114 17
50 145 86
15 221 78
28 204 47
56 85 2
96 102 60
122 194 99
152 166 47
3 62 82
44 211 20
22 159 65
116 142 66
88 147 61
1 67 4
83 191 76
164 214 66
50 170 94
116 155 65
47 51 97
5 201 81
208 225 71
152 171 91
193 202 47
95 160 44
99 220 63
79 126 90
113 125 56
86 143 76
49 86 40
77 193 73
213 219 30
72 175 50
69 121 24
47 81 94
181 210 10
120 183 36
10 79 28
30 102 45
51 148 31
216 217 1
41 47 73
20 165 95
25 49 54
22 166 44
8 137 73
210 219 8
6 71 64
63 176 0
184 198 66
177 211 69
50 129 25
52 182 36
120 139 64
70 184 6
15 73 63
32 135 47
13 112 77
17 128 46
119 207 93
83 195 4
17 185 38
118 123 66
110 202 40
165 169 91
149 171 99
9 97 57
170 175 48
176 187 12
64 88 74
39 198 27
103 186 11
155 189 48
88 124 98
133 168 43
45 197 65
80 158 99
71 132 20
11 220 15
134 139 82
60 102 6
125 188 31
1 81 23
144 168 13
35 134 68
182 185 45
27 148 96
103 215 54
66 95 46
5 158 76
70 168 42
69 163 36
61 84 10
75 110 85
47 192 53
114 166 50
130 153 89
7 140 10
127 128 42
172 196 36
152 160 36
200 228 36
157 200 35
52 113 22
39 103 98
19 206 97
24 28 76
40 109 34
44 143 66
164 210 56
128 204 14
20 107 29
44 93 68
197 227 23
41 132 95
116 177 92
159 190 17
35 212 27
112 131 88
98 207 35
116 164 66
50 112 86
101 168 80
79 218 82
113 202 78
194 201 99
8 194 62
99 212 19
80 192 5
117 213 75
47 113 15
141 220 7
104 189 30
63 203 83
64 110 57
109 193 60
213 216 16
29 34 95
34 146 74
96 216 32
127 163 97
107 217 83
63 93 75
115 175 53
148 191 90
18 183 30
7 175 88
41 202 65
22 202 43
127 144 26
80 150 94
135 142 22
73 159 46
85 152 35
105 108 7
53 210 11
29 112 40
13 67 23
33 151 75
7 46 23
148 190 29
98 183 93
9 169 6
71 194 16
8 60 68
103 158 3
144 226 93
167 223 85
8 156 41
59 136 16
81 138 94
138 187 69
58 98 45
165 187 5
69 164 19
125 181 95
40 204 88
92 196 9
86 179 27
25 167 64
50 190 84
19 155 12
131 192 46
80 132 70
30 209 41
38 196 20
106 196 30
123 214 8
10 20 93
111 207 89
66 122 9
69 92 70
24 92 5
14 100 5
117 179 41
205 226 2
66 120 34
178 190 17
67 212 71
3 215 53
42 149 27
143 204 87
4 72 87
139 169 89
102 171 66
104 163 81
114 173 37
87 198 90
112 127 14
110 214 32
136 201 83
167 195 14
56 175 30
64 202 95
85 86 65
8 70 54
82 120 17
90 222 81
122 201 0
27 176 17
141 149 79
112 195 20
132 227 43
156 203 27
34 82 11
20 116 60
36 136 68
69 150 10
21 212 79
97 156 39
117 207 81
69 115 42
16 18 59
62 63 75
200 225 65
27 140 14
17 207 60
125 186 53
124 162 74
60 91 40
52 84 90
76 152 46
33 131 61
52 147 1
20 102 8
31 109 60
72 223 92
60 136 40
91 134 83
112 186 23
106 224 24
146 185 51
118 144 99
25 50 85
26 105 86
107 172 62
7 158 92
65 147 34
15 122 58
17 104 60
34 64 24
10 229 73
209 229 4
16 141 43
75 132 2
64 140 39
23 66 26
20 208 75
64 177 43
133 182 17
2 159 67
19 65 30
75 184 78
109 121 21
119 139 96
42 171 24
130 215 59
111 122 97
92 193 33
143 219 46
2 91 73
17 190 27
69 201 67
1 171 33
177 193 38
49 130 50
18 214 12
3 89 16
145 225 13
28 123 44
121 195 79
50 225 87
120 227 73
153 176 20
13 188 58
115 165 62
14 63 31
95 191 34
174 199 27
29 68 59
165 218 99
52 164 44
19 210 38
121 143 18
57 213 63
8 17 78
16 162 90
71 131 77
42 182 92
103 107 72
7 209 33
119 135 91
137 170 78
186 195 95
49 146 4
22 191 40
25 220 53
79 118 12
4 76 75
105 160 74
20 201 33
23 77 44
6 96 58
82 213 80
60 178 74
29 81 53
53 138 13
30 202 65
22 206 57
28 185 64
192 202 60
76 181 26
10 44 54
121 183 65
54 110 97
3 147 48
16 123 78
89 122 17
124 129 30
162 209 91
11 67 44
27 74 37
116 214 37
30 110 82
108 110 9
13 160 68
111 217 38
8 51 92
128 153 94
101 133 84
70 96 76
126 223 31
129 204 22
142 149 37
47 74 17
217 221 27
16 70 99
80 221 85
115 150 58
63 153 10
19 135 22
179 183 15
195 219 15
22 47 87
107 130 52
113 187 16
22 161 8
175 200 97
63 178 18
117 203 40
10 98 90
66 72 1
81 169 91
27 180 33
3 118 68
68 161 5
117 186 45
38 202 82
129 202 14
48 101 57
99 109 72
60 209 89
11 124 58
31 178 28
40 202 40
15 71 56
41 133 70
33 202 18
36 62 0
86 207 3
172 188 64
15 101 30
66 197 68
207 225 23
77 133 93
70 157 1
6 115 78
8 103 46
54 177 35
79 174 94
49 120 84
1 69 88
104 202 85
8 113 11
115 212 45
18 212 0
62 143 73
18 167 33
6 205 49
46 159 87
47 78 69
27 90 14
52 221 63
130 191 3
95 219 44
32 57 9
17 141 38
171 199 34
184 213 47
23 204 36
101 161 71
128 194 26
79 207 40
104 125 75
192 205 78
48 90 36
145 160 20
152 173 18
67 129 71
201 217 74
134 200 90
9 176 47
31 98 73
39 154 62
139 141 36
24 142 22
109 186 73
145 165 47
58 180 11
38 219 47
178 213 76
164 207 86
90 125 79
63 83 12
50 79 43
140 184 25
113 122 35
85 153 66
11 84 79
89 216 68
15 18 11
55 119 46
2 84 41
52 78 73
78 101 14
18 42 42
58 192 15
165 181 22
75 145 71
67 70 57
7 41 44
91 177 27
2 59 50
10 108 77
19 151 6
154 227 50
101 218 62
70 127 46
137 143 39
163 196 55
2 174 88
136 160 60
18 145 79
102 196 4
50 180 20
111 113 34
98 136 79
126 185 74
116 183 55
72 215 45
35 59 65
162 166 41
59 184 66
57 226 20
135 177 57
91 105 67
59 202 81
14 44 24
130 181 18
59 158 55
141 199 2
119 221 86
104 200 89
57 149 75
82 124 54
18 200 72
147 148 60
56 77 43
48 197 94
71 81 76
106 112 68
63 97 73
45 65 44
89 152 70
2 8 13
94 98 38
192 220 19
11 149 28
186 198 30
31 200 76
103 161 81
125 174 9
63 224 97
101 188 78
64 148 42
155 168 85
65 168 29
69 129 53
59 109 33
14 186 50
37 55 32
185 219 9
75 76 12
195 220 39
55 220 64
81 161 35
189 207 85
144 158 80
163 181 27
186 188 56
92 202 53
172 213 9
35 115 0
164 189 63
20 159 47
74 126 21
69 125 35
165 193 35
102 210 89
188 219 32
85 190 2
182 200 3
37 56 31
94 165 39
26 73 52
113 123 67
9 120 62
18 89 99
142 196 67
42 93 88
87 101 43
113 211 31
30 37 22
29 62 85
13 66 82
1 222 85
146 225 21
24 224 5
45 121 16
30 124 19
119 170 54
110 145 73
57 133 81
74 172 60
8 228 32
167 176 17
156 174 44
109 162 25
131 158 39
33 119 37
115 166 92
48 205 44
82 137 30
161 196 81
39 104 64
8 19 5
126 217 34
86 111 50
68 90 25
32 71 11
83 101 60
95 152 53
26 171 96
74 95 67
21 81 75
81 150 57
127 173 72
148 155 25
110 208 4
153 208 12
13 135 96
139 187 5
49 176 72
62 174 39
80 155 7
11 170 84
39 163 61
49 69 69
20 76 67
38 109 99
70 175 91
2 124 97
84 147 45
172 225 54
31 81 83
49 181 32
91 148 88
1 66 59
17 23 19
117 167 18
74 156 30
97 119 93
92 164 65
28 154 30
63 174 12
177 194 83
7 164 68
72 212 78
137 204 34
75 179 7
58 157 79
58 148 84
9 225 38
91 122 78
14 164 96
49 213 1
91 168 44
89 107 56
1 59 72
91 188 51
29 111 0
131 136 54
6 39 89
38 159 14
74 214 32
1 192 71
75 147 29
98 117 30
4 36 99
56 195 53
62 225 34
158 174 4
1 180 63
160 210 33
15 83 1
47 193 54
143 189 76
118 165 57
195 211 93
169 206 57
32 72 15
211 218 13
56 116 20
61 78 3
8 123 26
13 80 85
105 186 45
7 213 21
21 139 39
5 122 36
1 99 70
157 204 70
15 106 40
104 130 52
174 225 57
53 97 29
165 197 56
71 123 47
38 218 95
40 112 75
201 229 4
93 206 89
49 128 50
130 200 47
137 215 16
164 182 90
29 120 16
67 86 46
59 170 97
74 141 95
4 146 57
18 98 9
81 211 49
19 84 53
18 220 87
56 166 94
79 117 93
41 104 53
97 132 82
21 135 82
55 149 3
22 111 83
115 201 16
2 207 84
67 107 53
155 221 33
34 156 29
60 95 1
77 179 5
64 158 64
60 113 17
180 189 84
134 171 4
186 219 37
70 201 39
16 98 41
88 167 93
22 54 25
189 198 3
107 171 16
78 209 3
37 75 7
140 144 76
24 40 86
27 187 52
69 226 94
154 202 85
68 86 2
70 220 13
33 145 14
7 53 20
208 211 17
79 82 31
7 117 41
77 132 90
88 220 71
136 142 43
178 209 68
71 160 93
13 223 41
47 83 32
57 221 5
125 220 84
41 163 42
67 90 99
5 204 71
22 35 21
147 182 83
164 198 89
138 147 6
73 75 56
27 121 16
174 191 66
109 179 54
108 211 69
52 203 9
53 137 33
31 217 0
73 112 44
100 124 84
2 47 23
87 106 32
19 80 45
126 175 39
61 210 64
51 189 87
39 179 15
15 81 30
53 167 7
73 162 71
4 137 55
189 218 18
2 42 29
119 202 65
61 164 91
37 111 40
26 217 35
117 134 58
2 90 90
40 180 14
44 61 65
99 197 80
34 198 67
86 94 32
81 107 34
161 212 92
112 128 99
211 212 88
8 190 40
45 99 68
156 188 21
182 219 19
53 219 12
71 97 70
92 162 33
109 197 53
10 84 38
45 104 0
24 95 88
6 37 96
63 177 45
188 218 21
85 186 40
141 200 10
12 108 15
51 179 48
84 220 61
112 157 39
88 126 47
76 150 71
6 36 87
69 74 21
191 223 23
41 100 30
48 77 27
64 86 49
216 222 47
82 140 35
41 156 85
22 93 28
150 188 74
59 145 8
39 136 39
91 216 88
170 210 70
184 187 68
17 36 20
66 142 43
121 189 8
114 228 28
44 50 83
2 217 2
23 54 59
98 157 55
171 201 20
154 160 0
170 197 61
20 153 28
93 198 59
140 158 51
12 61 3
49 168 75
40 221 83
118 143 31
16 74 88
137 156 11
87 109 46
49 201 96
89 98 14
32 41 98
128 137 66
38 39 85
22 209 76
106 139 4
85 171 20
30 32 16
49 182 9
29 157 17
49 163 70
18 161 52
12 47 96
37 70 39
87 220 15
124 133 43
25 32 19
201 221 15
164 218 81
83 98 15
75 105 77
24 45 3
189 224 99
39 164 45
18 69 18
112 200 90
13 219 35
58 65 38
141 175 22
132 216 40
90 110 31
13 104 10
58 205 60
47 177 44
97 127 70
163 199 88
4 136 56
54 152 88
49 136 84
86 93 33
103 201 99
68 194 92
11 192 95
127 182 73
33 226 55
39 107 23
64 79 85
6 103 41
12 193 25
24 94 45
46 211 69
70 141 7
99 148 20
47 68 88
3 205 34
190 208 22
20 183 49
57 67 74
14 15 43
82 183 87
125 148 30
16 143 37
38 175 2
24 154 94
32 103 63
68 149 98
81 148 89
171 182 0
1 17 99
116 169 56
74 175 10
48 100 66
25 207 26
68 157 18
31 158 15
168 187 67
88 169 56
12 40 90
15 220 72
122 195 74
113 124 8
22 81 17
14 88 61
2 208 62
7 39 7
66 106 91
1 12 48
208 222 84
45 108 30
134 174 75
79 150 53
47 160 31
159 224 22
35 79 78
103 199 33
124 146 78
82 117 87
47 53 6
131 223 81
7 15 98
41 50 89
14 174 24
165 212 93
74 79 44
51 60 75
116 152 23
11 130 54
135 222 90
46 115 35
145 154 51
43 51 26
26 90 52
56 62 67
99 140 3
19 145 38
114 225 68
155 227 58
81 217 25
50 203 85
54 207 87
118 210 82
71 93 54
36 111 43
78 135 90
65 208 42
4 84 76
29 134 62
8 184 51
109 151 4
36 149 1
82 134 92
129 160 30
58 112 78
161 215 78
150 225 57
115 207 53
80 88 96
87 135 61
146 199 35
80 106 30
47 169 19
80 187 40
87 225 60
152 215 47
166 223 59
65 160 43
80 206 64
28 78 42
103 125 81
51 220 52
171 192 73
154 212 63
103 218 6
24 115 41
53 147 42
54 163 76
39 191 2
1 78 97
90 181 9
1 126 65
59 137 11
134 190 12
176 193 3
138 169 44
14 183 95
86 211 4
139 215 24
1 39 59
87 125 66
124 229 48
21 30 46
145 159 82
95 209 53
8 26 50
165 190 53
21 26 80
38 49 5
8 120 80
38 138 87
31 171 20
127 222 49
98 174 76
34 172 89
34 228 15
50 139 44
9 111 68
83 169 21
1 90 59
36 81 32
106 171 4
163 217 12
45 163 32
33 195 12
137 160 79
40 183 16
25 156 95
91 106 75
73 192 73
33 83 24
28 59 51
69 169 75
20 22 4
13 145 19
49 108 86
119 140 93
55 130 23
42 75 36
36 56 97
26 42 0
76 102 36
86 99 21
62 226 34
120 194 7
214 215 25
132 193 59
65 111 17
53 126 39
69 130 19
64 98 10
131 153 58
82 121 5
9 125 81
44 144 82
173 185 20
36 117 66
57 90 5
56 108 10
64 123 78
66 144 57
177 184 3
56 64 84
78 222 0
70 180 12
31 94 74
15 201 58
213 215 7
117 212 54
14 50 90
116 165 91
95 98 4
43 183 74
24 105 5
29 52 90
82 109 56
146 205 19
81 137 25
140 217 81
159 221 89
109 126 78
110 187 53
180 219 7
223 224 99
91 227 61
98 150 96
12 81 12
1 19 81
101 208 0
93 94 59
65 155 6
68 82 93
78 95 70
43 145 1
62 79 8
85 96 10
37 189 64
102 106 93
37 154 69
58 196 46
25 221 17
44 216 21
55 91 77
59 117 13
9 66 27
104 167 48
82 142 25
74 149 17
199 223 48
74 182 59
61 81 3
31 121 83
168 222 37
62 223 31
54 169 43
108 150 55
172 208 68
98 161 14
116 228 1
180 200 13
60 83 78
76 175 10
11 80 37
159 196 4
54 154 72
107 154 87
3 130 13
35 114 21
51 123 37
31 138 81
6 188 28
198 226 98
74 99 95
93 175 78
67 198 66
35 152 23
53 142 32
141 217 86
32 148 24
50 53 59
22 87 52
2 132 51
103 143 72
167 200 50
122 167 0
56 92 10
12 64 97
152 216 27
175 203 58
60 100 74
130 197 75
84 110 82
43 205 13
140 207 63
84 168 76
99 182 61
33 174 55
47 191 22
48 137 37
75 77 0
49 127 37
21 196 78
39 98 23
36 74 64
63 100 53
13 201 61
65 137 53
79 165 10
116 208 78
80 107 93
149 205 69
37 136 45
137 203 90
63 67 76
21 116 61
95 194 55
51 157 43
21 189 0
103 178 57
62 176 66
157 189 96
38 182 8
206 207 70
7 122 13
71 153 90
217 219 50
115 211 74
183 195 44
30 107 28
97 182 0
8 114 75
6 192 14
137 154 13
84 229 65
18 54 62
45 107 42
114 140 61
26 120 97
110 200 13
38 77 23
25 216 72
130 176 57
43 82 50
84 126 34
21 186 71
95 188 88
51 196 20
61 211 71
115 206 98
125 130 73
98 190 22
141 168 43
66 200 61
167 203 57
180 194 24
94 199 75
146 164 15
163 174 93
47 48 65
87 148 55
21 101 30
104 151 32
86 171 85
37 107 52
9 58 64
74 127 46
57 227 72
11 221 7
103 203 75
10 32 92
148 188 4
45 170 30
117 128 74
131 142 17
27 161 36
133 145 10
80 193 94
3 114 95
151 163 67
7 67 90
35 108 69
68 148 56
73 175 24
142 202 80
208 223 68
25 185 43
19 189 79
74 204 34
127 167 72
41 225 19
184 212 74
117 215 82
134 206 49
7 109 49
72 170 62
101 155 14
162 220 51
121 142 52
21 168 67
100 148 66
207 213 10
33 93 5
67 82 30
79 166 16
35 219 63
94 176 74
138 160 35
75 160 17
47 129 24
127 172 44
96 134 35
6 179 75
79 139 56
79 171 57
132 217 84
73 148 27
44 209 83
66 134 63
70 92 7
2 53 73
128 191 35
106 188 42
36 55 81
154 209 3
54 146 78
101 226 89
67 164 41
60 132 49
186 222 38
41 87 83
123 213 43
127 158 84
166 173 65
97 224 52
114 151 84
23 96 61
56 191 6
59 80 83
80 184 68
173 191 40
52 103 64
45 57 19
2 155 15
80 227 75
27 57 28
62 74 3
112 121 40
41 63 37
82 192 29
8 24 75
8 224 14
32 107 75
26 98 40
30 218 77
126 226 5
98 133 90
54 102 26
151 178 35
30 185 37
67 113 80
122 160 74
136 139 54
138 164 0
116 135 58
54 140 15
67 128 2
51 98 64
24 186 63
68 85 36
16 33 56
3 76 19
39 208 5
140 188 62
19 48 91
109 227 88
37 155 51
158 194 52
98 175 95
163 197 96
10 105 37
107 109 70
43 224 72
167 182 34
13 142 5
46 185 30
80 97 84
3 46 5
46 171 23
129 176 30
33 35 31
119 166 57
146 208 15
74 210 61
67 96 69
6 29 86
53 95 34
124 143 92
177 219 57
84 131 27
149 192 83
52 90 45
64 223 98
202 204 31
24 122 80
17 69 6
29 138 24
65 113 66
54 190 44
53 94 49
144 196 18
140 152 37
48 49 24
80 81 98
99 124 26
22 90 1
149 162 70
51 219 22
62 189 31
123 142 59
177 181 12
50 81 52
137 218 47
123 206 73
135 179 61
88 216 25
77 111 50
85 89 29
66 174 20
102 201 40
169 222 89
134 175 89
36 152 65
47 143 77
12 24 45
35 177 15
56 207 25
53 229 43
13 98 97
137 149 37
36 141 94
33 186 72
101 146 10
66 191 44
120 150 98
59 133 41
169 208 82
20 60 35
125 159 48
43 188 22
48 93 61
5 21 64
5 152 54
156 194 46
22 164 32
55 195 80
100 229 63
9 118 65
42 205 63
4 86 25
81 166 33
8 174 59
80 118 99
44 137 35
14 180 25
69 106 6
28 145 86
48 85 26
88 127 90
44 178 98
166 217 64
45 90 55
40 115 81
188 210 5
210 213 32
22 60 34
57 102 34
27 158 28
67 132 5
78 107 44
33 209 70
20 99 95
12 168 17
119 162 98
79 225 98
45 115 73
55 134 81
40 164 10
81 203 53
210 226 21
132 158 30
102 179 93
187 220 61
16 158 0
29 65 54
34 143 51
77 154 56
90 96 12
185 194 22
155 196 73
80 224 33
46 151 43
5 13 29
157 182 2
153 173 13
101 135 22
120 168 17
195 196 90
151 226 91
22 192 29
134 180 60
115 222 4
10 87 54
98 213 87
3 157 45
122 149 47
103 116 85
16 19 97
72 82 23
115 174 92
82 226 34
70 223 83
69 202 89
33 173 71
25 128 62
67 112 42
46 180 6
22 64 13
74 226 10
17 98 16
9 112 43
16 132 50
81 219 48
145 189 72
90 204 36
7 22 1
203 229 62
110 143 97
76 169 19
132 206 64
2 99 19
27 226 56
125 126 56
173 179 41
51 190 75
34 183 25
29 47 35
160 204 86
23 175 20
10 40 8
38 205 5
51 203 73
148 181 51
36 118 57
145 177 46
133 173 2
74 112 83
105 201 35
115 172 73
62 186 68
1 202 86
57 128 97
76 142 54
131 137 86
71 225 65
121 225 26
29 88 9
36 146 70
38 75 50
160 221 25
75 214 79
98 140 27
60 70 92
16 88 29
157 209 39
112 175 64
165 206 20
77 186 76
8 112 22
147 209 95
120 219 87
25 146 12
226 227 74
32 37 6
189 196 52
58 86 58
22 61 18
140 171 52
38 101 96
47 58 63
39 68 42
77 105 48
190 213 71
102 159 9
58 197 7
128 208 66
148 222 40
31 125 50
87 191 84
46 130 91
1 177 4
83 106 81
137 209 70
143 191 68
136 213 68
12 206 67
29 106 72
29 130 0
42 223 64
16 42 88
144 182 3
108 146 40
91 102 88
53 196 39
129 175 61
18 135 54
151 154 59
41 215 91
51 191 14
161 185 53
64 82 73
104 173 83
55 164 35
158 191 63
58 141 71
96 172 36
51 146 58
155 190 58
64 224 57
17 101 9
25 213 70
59 128 87
38 126 2
18 144 77
136 165 84
122 210 6
71 191 36
45 212 85
85 224 43
39 101 25
9 191 24
44 157 48
68 165 47
75 111 98
112 137 61
200 222 85
159 168 86
26 163 56
28 177 87
165 175 60
84 219 9
26 62 64
24 124 1
59 70 18
32 80 27
80 157 67
168 207 78
67 210 95
82 179 83
5 194 14
13 61 69
25 188 55
1 221 94
89 135 67
11 225 41
5 218 64
54 99 61
111 225 2
125 157 14
27 112 91
102 135 7
197 225 8
41 75 49
14 40 44
79 192 61
183 199 57
147 199 14
108 203 79
163 167 88
41 161 28
122 192 59
171 229 68
54 63 57
30 50 22
12 189 76
103 149 48
14 62 60
95 162 11
134 188 50
2 192 49
72 106 28
176 211 64
21 220 13
34 83 44
13 113 22
17 19 37
140 212 10
74 165 23
122 168 9
29 158 61
98 210 63
18 109 27
24 79 21
78 152 98
85 141 44
29 183 78
111 213 34
206 228 97
46 202 11
139 144 81
130 179 7
24 162 45
16 94 58
157 225 13
8 86 70
82 126 39
7 156 63
153 206 18
92 204 14
114 229 44
99 160 28
43 58 33
33 179 23
44 189 58
88 137 35
15 143 97
35 125 19
24 215 45
35 143 7
100 191 52
191 212 71
65 90 49
167 208 10
2 71 16
6 211 72
27 79 58
224 225 81
166 190 40
144 207 9
29 181 52
86 160 55
91 183 19
44 219 18
55 151 60
127 175 34
25 170 52
80 147 10
187 198 27
54 114 5
190 211 24
30 41 45
75 222 10
73 199 3
34 119 67
11 212 42
49 166 75
79 129 28
9 186 45
36 43 5
4 141 10
83 136 73
46 142 54
29 128 92
107 218 49
27 141 0
181 198 17
13 96 78
195 229 30
94 143 41
182 226 99
18 163 71
146 178 1
23 158 49
180 214 19
72 193 90
126 216 71
90 136 70
98 212 33
50 78 46
94 192 73
205 212 14
37 117 29
58 99 53
15 116 54
108 133 74
73 222 18
50 110 78
19 131 68
46 195 56
7 178 65
105 187 19
63 98 55
56 165 95
105 147 47
3 164 79
32 54 26
45 68 88
14 202 72
165 194 55
83 146 4
118 190 62
132 150 97
66 165 86
44 139 48
212 220 78
218 226 72
194 215 45
15 58 46
85 126 38
30 188 16
144 215 11
124 206 52
115 131 65
115 194 25
127 183 77
192 196 39
4 139 20
76 141 60
11 34 18
13 90 83
127 179 98
129 223 50
4 180 21
185 210 22
50 128 58
74 167 27
138 213 7
56 141 0
54 135 62
165 213 43
210 229 35
11 136 4
51 202 31
12 176 40
29 156 94
43 94 30
43 102 54
134 181 37
10 82 7
114 128 25
91 182 89
143 207 19
112 147 78
155 210 20
128 201 14
65 145 27
151 221 98
162 190 68
61 147 51
120 225 69
21 31 38
190 224 87
34 147 11
90 226 81
16 200 82
15 141 22
32 164 21
74 202 85
172 221 66
55 156 29
122 212 4
154 197 0
6 149 52
60 168 57
79 88 19
21 201 50
9 205 97
136 222 63
26 225 97
64 171 27
69 103 89
20 170 34
89 116 12
13 200 11
14 139 56
111 172 62
99 126 12
61 215 45
28 117 63
75 86 76
32 159 16
69 166 92
101 150 67
29 79 16
13 198 70
42 229 93
41 188 28
158 179 87
77 102 22
55 81 6
84 138 66
69 191 20
75 134 88
22 198 53
131 198 45
58 66 38
194 214 0
83 218 58
31 201 53
30 44 24
83 188 35
73 190 46
7 189 13
58 194 23
40 207 17
28 182 32
87 181 1
14 70 85
157 197 49
44 225 58
131 143 22
118 176 39
12 60 64
106 108 10
205 207 31
139 198 4
80 171 43
75 85 72
32 82 45
26 194 13
37 90 65
15 129 13
60 120 46
9 184 81
175 204 44
9 64 92
13 127 49
3 189 40
209 219 55
89 94 99
50 71 87
26 216 9
133 183 58
168 213 72
41 205 24
110 176 12
31 197 50
97 191 73
175 208 26
149 200 73
104 181 72
97 155 6
181 224 59
58 170 16
70 148 1
86 126 17
6 153 0
17 189 81
151 190 22
19 64 61
176 200 80
200 201 13
126 195 6
86 190 61
25 178 89
102 112 36
46 59 75
23 33 58
75 206 60
7 69 74
16 172 93
11 57 7
11 56 29
74 114 69
9 113 44
182 223 51
4 7 53
39 220 22
111 138 69
199 211 44
54 179 33
3 188 46
59 123 21
133 204 43
5 7 54
73 178 99
8 64 0
100 181 13
27 150 13
77 162 84
44 207 60
84 162 58
27 145 87
5 109 26
166 204 78
51 116 17
30 127 3
153 171 78
65 79 67
105 106 18
104 196 79
56 59 61
97 201 72
35 64 7
108 188 95
124 184 36
11 210 3
92 94 37
104 221 34
131 149 2
133 163 3
147 152 23
87 128 1
115 119 20
158 182 10
70 91 11
58 222 92
35 195 84
10 200 60
23 162 22
34 80 33
41 184 72
68 126 25
121 126 61
138 142 33
15 207 30
76 99 39
88 91 41
73 213 51
143 160 37
163 220 39
56 82 38
161 197 99
16 89 97
182 204 60
44 194 52
114 120 15
125 225 92
36 165 51
24 113 71
80 166 68
148 203 92
45 179 10
13 107 86
57 134 80
52 105 52
106 110 32
100 205 96
80 87 70
180 188 26
77 146 4
73 99 27
60 119 91
18 34 41
10 132 13
101 171 39
99 159 92
57 193 39
135 197 63
36 120 13
134 138 10
25 76 7
146 168 79
128 190 35
179 210 6
169 194 2
60 224 20
105 174 50
102 147 59
94 102 91
182 217 51
97 227 22
53 211 57
35 153 78
69 222 7
111 169 59
128 228 43
15 208 49
69 142 51
15 69 91
117 136 82
47 105 36
68 139 78
27 110 88
95 128 80
136 189 72
34 132 8
20 33 47
35 73 41
197 206 32
14 201 85
138 205 22
133 172 94
25 102 65
105 169 94
17 66 1
20 98 75
65 136 5
161 216 70
25 180 32
26 174 19
55 223 88
9 22 25
15 183 68
64 176 79
20 161 23
30 138 74
89 145 61
110 210 32
49 110 68
50 209 1
104 115 76
70 172 69
152 219 87
82 199 7
2 181 48
56 57 42
76 103 87
5 157 0
88 149 51
207 216 66
81 89 8
40 134 81
159 160 87
3 84 97
210 211 69
74 217 62
12 18 15
85 108 10
186 194 67
25 141 96
199 229 69
207 212 17
119 156 90
194 229 69
3 15 98
187 213 99
13 122 9
160 211 78
92 150 56
57 160 76
105 202 19
157 183 68
48 65 12
69 177 84
130 169 84
18 206 73
6 22 50
11 94 40
108 173 78
187 203 39
100 120 83
60 190 70
16 20 60
91 200 17
38 141 79
126 170 11
132 136 72
188 211 45
58 107 86
117 175 81
90 192 65
54 223 86
84 119 82
61 181 64
113 192 84
21 161 62
31 210 25
150 169 70
163 198 2
102 225 77
9 196 55
80 204 78
23 164 45
13 108 77
195 227 55
28 228 19
63 205 7
23 153 87
51 111 68
37 128 28
55 142 73
174 207 57
34 69 56
9 28 75
67 218 99
14 171 10
77 142 63
11 158 62
140 162 20
34 207 53
7 146 5
82 165 67
23 165 81
124 186 54
150 212 12
12 75 19
72 108 72
95 134 75
99 144 60
12 144 23
141 151 0
41 55 92
78 211 18
142 180 48
109 139 30
94 126 48
113 203 17
31 106 98
7 106 50
78 147 37
61 198 31
39 216 37
112 222 98
50 215 12
31 188 18
48 206 81
11 191 38
98 195 53
85 111 13
16 191 70
37 222 23
132 134 31
179 219 2
166 209 20
142 222 8
27 46 44
5 227 18
90 112 81
187 205 1
31 147 26
17 83 69
149 173 85
51 131 17
147 156 32
93 225 76
153 160 8
22 79 8
43 172 86
39 70 24
3 141 15
90 98 20
221 228 39
97 116 70
105 178 86
10 179 63
33 51 44
20 200 3
2 146 23
160 205 83
140 153 56
173 175 45
97 162 61
60 148 15
20 34 62
98 199 1
205 223 74
4 42 63
203 205 80
47 226 81
87 120 65
81 126 61
41 119 18
23 139 23
16 31 21
5 19 15
133 208 3
66 203 81
141 222 27
196 221 88
83 152 55
10 59 53
43 111 87
36 53 27
98 189 68
108 208 75
124 191 8
168 189 34
11 147 32
84 109 51
56 201 46
22 122 11
83 93 99
141 188 98
77 110 3
46 152 96
55 90 79
77 170 13
117 133 35
17 102 79
77 198 56
107 159 79
170 188 11
46 214 51
105 172 34
51 83 93
94 212 62
85 182 80
65 68 43
35 213 4
103 108 44
207 224 91
4 211 2
147 161 18
92 115 33
54 77 63
2 27 53
77 139 48
86 181 50
125 147 59
98 144 2
1 5 65
17 175 37
46 52 95
17 41 33
12 103 58
141 152 46
67 224 61
211 221 64
100 159 71
114 169 69
98 138 83
148 154 97
175 215 34
58 195 67
15 199 75
31 92 16
52 153 92
38 114 9
67 120 95
45 96 84
104 154 22
38 79 6
118 129 26
76 220 91
3 50 73
111 184 39
72 124 42
24 222 66
10 224 30
35 202 94
76 140 33
46 51 85
51 65 86
162 178 84
140 155 89
86 192 40
166 170 12
9 228 7
70 77 55
34 70 50
6 21 77
98 229 55
110 126 87
80 92 69
77 124 12
137 226 67
70 164 22
190 218 74
4 206 30
119 201 31
3 109 2
66 188 14
69 139 75
25 66 18
152 223 46
91 207 90
115 227 54
203 223 41
19 175 73
111 124 33
57 146 99
11 109 15
41 114 57
89 128 25
139 165 39
45 167 1
137 197 1
68 162 16
93 184 76
158 227 20
99 150 25
145 208 60
112 185 23
56 162 81
11 14 52
41 84 85
53 117 96
140 147 21
21 130 68
123 179 80
18 147 85
134 211 7
24 170 99
17 170 4
8 130 11
13 148 30
130 216 22
15 63 61
3 7 7
92 128 41
130 196 56
28 129 76
41 137 12
47 93 24
21 115 53
86 223 33
10 17 5
8 35 76
113 189 65
180 183 5
144 153 10
140 166 93
158 160 31
160 195 11
78 120 86
87 226 56
190 193 73
109 210 24
49 157 27
42 62 15
8 223 67
147 193 61
53 70 90
1 156 9
92 213 44
83 166 70
46 155 52
156 196 39
4 175 64
203 216 26
112 187 47
132 178 9
1 108 95
9 181 52
58 173 98
85 209 0
135 198 12
184 211 45
9 172 15
7 73 11
78 92 58
94 148 46
82 115 33
97 101 24
161 219 73
102 197 17
45 113 63
8 61 37
153 163 40
111 212 62
47 80 52
79 116 90
18 96 40
111 229 79
122 184 14
66 76 93
219 227 35
3 100 92
85 113 45
95 158 40
120 126 40
11 223 39
20 181 25
133 227 13
67 176 58
85 160 38
11 172 29
96 127 93
27 104 26
145 223 38
113 200 83
195 216 28
175 217 95
11 151 21
208 229 1
167 214 24
154 179 59
170 202 6
3 161 5
15 22 63
17 32 92
64 205 50
10 225 55
43 119 3
180 198 14
49 93 96
52 95 0
146 152 84
1 93 19
147 218 70
115 180 47
152 206 37
57 148 23
48 96 22
10 188 68
3 105 97
26 179 8
129 183 82
103 173 36
206 216 18
172 176 80
79 200 41
109 168 97
70 88 47
120 177 79
169 186 79
148 172 11
226 228 59
175 177 61
31 95 56
87 137 77
199 221 71
12 59 96
99 205 26
188 217 94
94 172 40
9 145 36
90 207 79
30 85 81
41 127 53
92 116 63
106 166 91
12 73 83
114 138 22
66 207 78
63 112 95
66 104 30
122 177 15
98 116 18
57 140 67
28 164 35
82 223 69
85 119 67
166 188 25
144 183 28
47 49 61
64 213 22
54 201 87
40 188 17
93 178 45
115 161 15
91 212 77
94 190 79
126 212 20
32 85 19
6 92 10
26 141 14
64 78 63
61 225 81
36 39 64
36 135 28
34 63 19
72 197 20
56 200 99
111 141 25
59 88 94
73 170 23
1 163 51
9 190 13
155 178 21
19 169 15
160 164 8
1 184 0
58 151 49
148 197 60
17 85 70
163 203 76
162 223 17
20 199 0
86 155 45
94 146 93
42 57 63
30 67 84
90 215 75
18 151 94
14 55 60
14 137 56
206 217 61
54 72 23
21 138 52
89 196 76
107 168 58
67 76 3
82 196 46
139 212 35
37 195 98
89 146 14
56 168 2
25 60 35
52 192 24
53 54 9
5 143 93
2 154 22
92 208 5
73 93 19
47 132 32
190 212 67
102 144 26
117 223 90
80 226 88
36 40 3
65 110 56
38 208 66
2 77 64
32 167 12
153 212 73
121 161 69
44 100 44
12 111 24
107 173 23
55 196 97
64 183 72
33 200 72
150 222 71
73 172 52
1 218 71
11 92 5
11 36 12
45 133 65
111 126 2
54 227 58
60 66 39
81 196 41
94 99 59
35 204 77
2 39 19
22 103 81
127 214 13
211 227 41
96 104 76
56 84 72
78 131 51
121 182 94
46 198 25
138 228 45
89 222 71
4 25 74
96 161 11
76 118 40
160 166 16
63 190 83
67 156 96
44 148 49
85 189 7
4 155 85
92 176 85
39 203 39
142 220 92
86 114 45
121 167 19
26 48 47
3 61 82
25 124 13
168 173 46
94 225 72
107 192 25
19 75 46
60 106 62
116 184 40
26 94 19
173 204 92
45 195 2
93 156 35
48 223 85
177 212 26
10 66 25
41 106 72
18 107 47
122 204 58
1 21 77
13 27 37
75 123 7
9 37 99
75 190 49
6 98 96
3 24 81
34 178 51
53 213 63
215 222 4
125 138 87
37 152 78
68 222 93
71 161 33
38 41 71
85 193 37
39 182 64
22 226 84
3 112 46
62 173 54
19 73 8
112 139 16
9 85 31
33 155 93
65 167 97
74 91 79
83 96 69
84 91 77
13 92 60
15 184 70
101 206 93
7 138 66
37 73 31
137 224 5
119 223 30
25 52 10
59 205 84
147 172 58
53 110 37
46 212 1
37 226 21
112 122 77
50 77 67
136 212 26
61 200 71
146 184 4
88 210 10
47 153 22
67 216 84
60 63 70
29 116 31
72 91 55
60 64 0
21 47 8
120 229 57
13 217 49
64 214 3
12 188 42
85 220 48
2 119 1
167 175 8
194 196 50
128 146 67
2 114 17
109 137 27
29 169 81
37 148 70
29 202 43
155 229 93
71 94 78
86 189 26
23 43 21
44 214 54
4 68 57
86 167 46
146 162 65
83 196 63
83 209 73
19 143 31
141 146 14
92 184 96
147 155 29
112 172 72
41 91 0
41 149 95
55 56 67
55 192 88
101 223 80
35 206 82
115 225 8
39 201 81
40 168 31
7 12 80
127 146 27
91 153 48
74 201 51
144 213 64
203 211 12
166 169 24
51 85 90
103 168 50
35 124 86
151 220 44
96 204 91
4 91 90
55 200 16
15 60 13
96 147 30
92 114 69
12 88 19
44 176 62
84 152 35
3 149 71
67 131 54
83 183 56
4 176 83
90 199 37
94 202 10
106 170 45
25 105 18
73 87 97
19 99 20
46 154 9
74 121 23
76 159 69
34 43 77
1 110 93
28 103 90
21 23 77
16 202 20
18 205 49
10 149 63
71 106 69
5 196 86
109 173 98
17 131 69
52 127 99
82 166 75
52 188 95
38 89 32
92 145 69
88 197 90
60 124 97
68 142 32
160 213 73
184 224 13
21 177 31
98 164 52
20 115 44
42 216 33
22 171 91
82 202 39
3 163 27
51 67 42
62 118 66
77 134 95
104 222 32
189 210 6
124 164 8
111 222 21
24 106 48
137 145 64
35 72 62
45 97 61
30 131 81
114 142 9
167 224 8
51 64 33
73 124 44
11 120 31
77 226 85
24 204 58
182 212 4
20 143 61
56 164 21
97 181 82
185 228 80
58 123 87
164 193 19
187 216 43
29 119 52
118 194 15
37 144 37
77 163 17
24 49 74
17 180 94
42 204 89
43 167 97
93 197 97
128 219 76
60 214 84
64 162 14
16 150 97
34 164 32
57 62 91
106 206 92
72 144 98
3 22 71
15 79 49
5 186 51
99 102 3
77 141 76
32 158 78
22 50 21
51 171 33
139 154 34
41 51 76
156 213 28
35 88 70
164 188 16
17 130 41
88 96 29
10 115 17
28 187 25
93 171 94
89 229 22
169 183 80
158 229 32
57 84 24
110 175 16
101 224 25
45 158 55
43 120 37
65 219 30
21 193 22
56 213 98
22 135 70
104 170 84
76 205 17
54 67 35
84 117 59
98 223 39
62 78 32
72 221 94
65 94 90
88 163 44
147 154 26
4 96 38
35 201 12
9 102 32
100 126 63
56 202 46
214 220 54
42 86 55
32 174 43
176 195 55
103 128 89
109 182 68
186 210 21
19 182 87
79 153 39
173 197 16
92 133 86
11 78 51
51 101 26
166 184 90
10 92 93
36 171 35
156 189 97
46 113 14
121 208 89
36 203 39
76 226 7
82 90 23
30 194 25
48 66 17
45 80 24
17 145 56
36 108 12
57 112 48
75 94 94
36 86 27
135 180 74
83 103 17
4 123 92
87 185 21
63 152 15
183 211 68
105 149 1
197 223 27
90 221 52
30 217 39
91 131 89
20 85 56
211 216 21
109 196 74
136 204 57
19 103 26
129 198 70
49 85 92
13 114 35
105 210 92
29 109 57
187 229 35
65 169 2
139 208 6
118 180 94
92 146 66
61 105 18
21 140 79
134 177 0
148 180 2
57 156 11
58 94 85
96 183 33
54 213 25
29 186 94
58 213 45
133 189 77
8 203 49
10 23 38
145 201 79
21 159 16
139 153 38
85 142 63
131 147 7
6 134 67
88 199 93
69 196 80
37 145 35
71 103 97
88 160 11
65 93 1
111 165 94
79 148 62
130 224 80
98 180 22
81 215 98
15 31 18
79 160 98
225 228 65
49 96 47
64 117 74
100 147 44
52 62 68
150 200 87
30 179 83
13 177 66
19 152 94
150 221 73
28 40 43
117 202 66
97 135 60
83 154 14
59 183 92
86 164 69
127 203 97
54 222 66
25 57 0
98 179 47
14 177 60
43 61 20
48 155 54
58 108 0
44 130 49
149 151 33
2 83 46
84 205 47
158 215 74
146 218 40
114 214 91
24 55 9
210 215 58
70 101 2
175 196 74
94 133 74
28 147 70
71 117 93
48 181 55
128 151 58
182 229 10
17 52 46
15 120 64
29 121 27
170 223 20
145 226 18
8 155 7
91 170 18
203 220 67
77 100 11
93 125 39
84 216 22
118 149 77
100 176 66
40 226 43
30 134 79
61 220 74
116 209 26
14 150 28
193 218 76
30 175 87
138 225 93
36 211 61
15 97 16
85 103 22
85 124 3
202 227 33
104 195 40
146 202 84
122 173 43
109 125 98
79 135 9
57 106 43
25 37 42
143 171 87
92 141 65
139 167 67
82 159 73
65 154 29
51 172 14
191 203 73
27 54 59
77 92 87
62 65 25
41 49 4
103 140 33
123 173 36
55 78 89
29 63 19
72 151 2
139 171 9
109 214 70
129 212 78
71 155 62
17 135 18
182 205 0
64 184 89
22 139 0
105 125 13
48 131 53
140 218 64
201 206 71
95 122 13
9 116 67
9 52 82
88 179 19
201 227 24
221 226 91
122 215 19
3 120 33
66 194 68
73 79 27
31 175 41
172 173 34
11 185 85
53 151 81
144 198 32
122 171 1
27 191 3
113 153 72
46 63 70
51 205 81
13 79 75
46 93 26
136 228 80
9 87 58
37 74 57
67 92 27
11 49 47
131 195 24
30 170 58
176 215 42
126 148 91
31 93 99
164 209 97
175 184 48
66 195 84
18 218 89
190 209 36
138 219 40
76 122 0
63 158 91
14 71 73
167 225 47
168 185 62
108 156 60
25 115 41
110 207 52
78 100 8
72 148 4
2 89 0
148 150 43
48 76 87
134 229 26
120 198 66
53 194 39
107 150 68
33 86 32
11 20 74
76 100 30
27 78 22
61 173 21
192 215 74
169 214 17
174 220 70
23 214 37
85 95 14
113 127 7
107 117 69
24 39 28
29 96 22
44 96 26
43 72 5
20 49 15
107 179 56
120 223 78
67 117 98
96 97 37
87 215 1
94 135 42
184 202 83
134 155 6
85 135 66
7 50 26
44 97 5
97 144 32
172 195 72
83 140 26
80 102 22
92 117 34
57 58 38
23 93 81
23 168 99
136 197 21
7 55 72
82 171 12
179 199 40
17 82 6
43 222 44
132 176 61
83 159 37
62 202 98
41 83 92
40 75 41
25 150 90
85 149 50
60 141 48
33 48 39
113 129 28
102 188 12
136 227 63
149 219 38
69 113 67
38 111 9
32 102 22
81 180 31
79 151 21
87 200 94
91 197 56
170 189 42
49 58 55
128 158 15
136 200 56
16 157 55
164 202 13
95 170 17
12 14 78
91 121 2
55 224 33
30 70 50
143 149 1
212 215 1
18 87 51
111 223 9
95 129 29
113 209 93
114 196 54
38 164 28
77 90 48
22 162 44
6 177 23
77 129 4
193 221 2
93 113 0
83 137 46
22 48 20
13 212 21
29 188 61
97 174 31
18 101 27
22 143 19
96 117 28
74 137 85
51 180 31
106 136 69
21 75 68
109 207 17
168 224 47
189 194 33
110 112 25
13 210 65
191 194 63
131 164 55
100 169 15
159 173 65
70 74 70
31 115 19
138 206 70
40 215 90
47 179 43
7 119 55
21 181 67
71 181 79
43 206 10
60 146 26
200 226 51
16 173 44
177 206 99
48 200 29
113 117 26
33 208 64
26 140 2
25 166 97
93 166 82
103 202 39
2 194 41
19 202 47
68 144 38
54 137 13
60 163 54
5 176 5
132 146 34
165 182 64
73 185 21
14 165 88
76 111 10
50 202 45
34 138 4
99 142 21
17 210 97
107 177 85
122 213 84
133 149 97
92 125 71
22 156 46
45 82 38
157 180 71
75 118 54
29 50 56
205 208 15
60 110 78
172 209 82
7 136 2
205 225 12
186 220 65
17 73 11
68 163 81
53 203 72
51 136 43
35 193 7
63 96 10
20 221 55
23 179 72
43 198 78
165 189 50
35 144 98
175 220 82
56 100 52
82 130 90
28 161 47
53 61 14
20 68 4
4 120 95
32 157 51
76 199 65
105 223 51
28 212 78
126 150 24
47 115 15
173 186 91
53 86 5
75 102 48
144 154 94
193 197 44
179 182 86
35 137 59
55 109 35
22 152 20
88 145 0
113 154 12
64 106 80
88 221 45
3 70 20
44 121 77
59 110 4
61 141 26
25 93 54
76 208 42
24 72 49
31 212 7
16 219 87
181 191 62
46 122 54
45 165 88
75 81 60
93 209 41
119 181 43
45 180 8
154 201 50
54 187 40
60 88 52
31 134 94
9 175 0
104 171 62
16 198 77
20 214 61
128 167 34
116 159 73
17 58 62
117 182 20
43 175 41
194 197 51
20 109 25
31 145 10
82 133 92
14 153 69
120 178 57
148 157 41
137 179 17
15 229 89
109 184 88
47 194 94
6 120 45
146 160 13
40 184 1
137 202 95
110 181 56
133 140 5
61 82 38
58 120 19
10 102 49
166 216 46
4 202 30
49 224 51
158 218 58
91 185 76
118 153 16
137 205 25
27 61 22
95 144 0
103 119 50
8 193 71
79 101 98
52 126 83
76 116 85
65 161 86
4 47 86
5 155 75
41 53 1
132 177 99
126 206 46
47 128 9
89 170 45
28 114 72
39 147 18
173 199 9
9 99 56
129 207 94
51 56 97
10 158 47
156 157 39
124 159 85
161 218 71
141 202 74
39 44 66
49 220 13
185 186 4
23 151 83
89 160 6
115 141 6
70 106 6
130 209 75
2 115 15
20 167 51
156 177 57
57 77 87
52 72 12
39 45 88
2 133 23
25 81 59
160 208 58
162 195 52
166 195 51
5 89 25
30 189 54
69 133 11
18 165 79
166 214 66
62 213 69
157 199 60
3 208 94
96 221 8
22 142 18
73 218 29
184 223 97
7 182 30
89 161 39
172 191 58
71 128 49
12 23 4
30 223 9
14 34 59
40 99 47
32 91 56
39 145 77
85 205 41
128 157 70
1 8 72
105 124 55
25 103 28
21 92 51
38 189 46
29 172 56
47 170 99
52 80 78
67 105 77
26 100 13
22 173 87
72 167 87
16 112 50
149 190 30
55 73 88
37 225 32
97 129 43
18 77 68
45 219 16
1 170 56
3 218 64
67 115 23
114 202 50
101 213 95
4 29 51
34 203 3
145 220 33
40 146 83
120 184 61
87 131 36
128 171 45
73 123 7
84 95 65
162 203 94
109 185 30
101 148 96
145 194 14
104 209 12
45 63 38
15 126 21
23 114 66
141 198 1
15 226 33
145 197 31
24 131 15
59 171 45
65 75 81
134 158 35
70 225 43
67 68 24
124 224 88
62 80 41
34 97 1
52 102 72
55 187 59
20 112 69
91 147 85
94 203 9
8 138 52
3 195 52
60 133 23
49 183 69
30 227 75
81 130 32
5 144 43
54 61 58
55 165 46
171 175 29
95 175 78
184 226 43
142 185 48
125 222 77
27 156 49
40 50 39
88 89 74
94 185 27
69 197 8
174 224 45
90 227 12
6 113 3
11 173 34
78 172 33
90 126 98
12 25 85
124 151 73
59 113 53
40 106 96
132 212 1
45 111 4
5 220 94
39 205 96
8 45 94
135 204 29
34 187 30
20 133 41
22 110 98
130 220 80
39 84 37
110 147 49
9 20 28
19 211 81
105 225 85
34 85 83
44 123 84
123 177 59
42 120 18
102 204 43
107 189 11
39 132 1
78 171 9
76 154 53
13 46 37
166 224 0
120 146 3
120 191 61
126 205 54
27 197 29
17 26 61
32 89 70
55 194 0
25 171 12
150 199 5
36 119 89
114 184 6
52 81 30
116 156 20
43 169 51
28 134 55
50 223 58
17 165 45
78 132 39
58 136 25
17 164 31
63 143 5
23 189 5
16 152 77
114 160 66
54 185 21
21 219 46
57 85 81
113 228 70
140 219 25
63 182 89
54 220 4
125 163 43
35 155 54
29 58 53
122 151 10
92 222 31
57 187 4
76 183 79
149 209 56
179 196 23
104 108 75
74 87 94
26 35 24
102 184 17
56 136 45
83 181 47
42 61 73
42 146 1
78 168 80
96 199 20
119 175 82
6 95 68
9 144 99
100 125 54
26 218 72
155 226 92
156 220 87
28 156 47
45 157 24
85 181 41
129 134 21
98 181 82
162 226 12
78 115 89
62 112 74
34 114 20
65 178 6
14 25 26
83 143 81
16 210 21
94 101 71
83 125 46
184 195 24
153 210 98
17 63 45
26 176 18
101 209 48
61 153 60
5 205 96
94 114 86
2 209 30
140 183 53
46 141 42
23 131 65
113 227 61
157 188 71
43 62 92
50 90 76
92 206 58
158 159 74
8 55 30
21 70 87
130 212 53
7 17 52
45 64 91
20 82 64
52 146 60
63 150 39
144 192 91
69 167 34
35 172 94
71 211 74
99 183 82
179 188 91
173 189 16
114 152 96
7 195 51
11 196 72
116 137 83
59 157 36
112 180 19
2 96 42
108 138 8
42 116 35
13 176 88
59 108 65
166 207 92
14 200 96
74 106 35
7 107 28
24 157 89
41 89 77
36 185 93
95 139 62
35 101 1
2 70 98
136 153 43
72 123 96
55 161 58
148 179 32
16 184 41
131 214 51
104 176 73
186 228 25
87 147 16
106 168 10
117 141 51
119 212 55
130 206 43
10 155 93
122 205 50
96 228 73
32 99 94
45 61 70
78 199 88
73 74 67
73 220 63
146 197 55
54 112 11
113 167 54
138 229 73
60 111 24
1 63 23
80 128 9
10 194 21
20 53 87
149 155 5
51 215 93
1 119 85
50 185 33
72 122 30
5 207 93
2 52 47
170 211 52
116 147 52
15 104 46
34 121 38
93 161 59
44 52 30
119 157 85
21 180 72
143 203 67
42 123 21
50 166 83
89 204 39
129 141 81
7 177 48
45 110 81
102 119 68
156 176 3
158 220 59
80 119 14
57 121 27
61 75 49
42 121 98
98 131 73
41 134 41
133 139 16
1 151 2
21 154 28
179 225 48
7 101 97
9 110 79
19 51 62
163 221 27
11 104 44
40 175 83
17 48 8
153 225 30
76 138 4
21 150 83
148 208 71
73 147 53
191 221 75
36 199 40
120 138 46
17 176 78
7 65 3
170 222 14
97 112 87
175 178 92
18 88 17
121 206 80
96 171 62
9 195 66
18 26 64
13 208 92
162 199 65
11 40 61
44 70 95
156 178 41
34 107 0
195 226 15
121 151 56
98 108 23
126 192 78
213 218 27
59 178 82
49 123 33
6 227 75
57 196 29
64 154 82
13 64 61
131 151 55
174 212 88
4 121 23
143 211 40
88 131 70
38 158 16
1 152 67
215 229 97
81 185 82
89 168 70
55 207 9
62 149 42
6 175 93
45 114 5
2 69 30
173 222 57
198 217 2
98 206 86
8 196 87
46 206 48
46 149 84
69 205 94
54 123 92
141 187 34
25 29 83
76 182 51
137 228 84
186 196 93
140 194 37
142 216 59
143 213 4
27 211 3
37 129 93
63 111 43
132 147 58
40 74 35
79 214 8
58 144 69
146 156 27
63 113 57
5 38 1
1 95 73
68 136 43
46 144 33
13 105 86
195 221 51
126 129 42
64 215 5
166 179 74
69 90 23
176 194 55
117 123 87
227 228 52
183 228 30
146 213 42
51 96 66
51 122 90
58 200 54
41 136 74
16 216 12
107 140 98
40 82 6
182 208 35
152 188 68
62 221 47
16 90 5
94 211 50
138 183 41
134 173 8
43 187 91
38 148 13
15 168 39
101 207 91
8 211 96
44 136 69
167 192 44
52 69 51
181 190 67
132 141 55
53 169 27
76 153 69
15 140 67
182 197 85
62 89 49
111 150 34
33 103 34
2 67 95
98 102 14
112 126 28
15 26 39
108 109 21
43 124 54
116 145 37
32 136 29
113 222 92
6 183 35
95 124 20
64 179 9
3 34 16
225 229 17
28 90 17
2 12 72
44 206 84
154 229 74
26 136 57
42 50 96
120 176 32
123 152 22
99 178 51
63 193 32
22 97 36
80 95 65
18 127 37
2 44 2
86 144 35
76 145 30
91 214 90
149 154 9
44 76 86
99 190 54
24 151 86
40 131 17
137 140 1
108 217 58
29 155 87
65 116 41
38 98 94
99 101 58
110 156 8
52 92 67
63 121 79
150 214 51
79 205 3
35 186 68
20 139 17
10 140 82
31 133 63
70 198 53
3 224 19
83 161 38
97 202 59
8 148 70
35 70 12
163 210 28
58 127 70
4 112 92
49 70 8
79 98 7
46 91 29
129 189 93
92 198 92
101 190 54
77 98 48
196 210 58
25 107 99
37 94 31
169 184 19
143 165 73
118 146 16
215 225 39
44 162 54
41 159 8
115 215 87
129 200 8
10 60 46
13 167 53
8 76 47
33 175 67
48 196 73
4 128 70
119 222 26
49 79 62
144 205 77
123 175 91
140 206 90
28 197 1
100 190 20
49 217 89
77 151 70
167 197 20
140 189 1
18 134 47
66 198 24
51 193 46
60 223 23
6 15 68
4 205 20
188 197 45
115 190 51
18 172 15
18 226 94
83 95 60
47 134 92
66 211 16
24 165 62
120 182 25
9 63 9
121 147 72
153 168 8
105 162 92
142 175 81
113 132 98
7 201 31
11 96 82
80 197 91
107 165 42
28 101 21
9 122 53
209 213 90
86 146 25
107 143 3
9 45 2
95 123 40
52 109 52
18 149 99
149 161 11
119 225 24
8 22 14
3 93 21
43 121 32
142 193 47
64 115 13
11 184 30
48 109 67
7 145 56
122 145 51
15 67 12
41 204 7
62 147 87
91 157 83
55 222 59
174 229 97
71 116 4
43 57 42
55 64 76
116 204 74
205 218 13
20 126 4
170 181 79
109 159 17
86 139 81
91 111 2
109 187 94
80 205 95
9 201 51
48 127 87
65 100 94
22 23 21
107 129 97
9 189 37
28 186 78
1 183 40
32 97 8
5 105 64
44 92 16
40 76 32
43 161 5
142 198 69
14 159 35
46 60 1
45 101 40
92 187 23
147 210 45
80 123 90
40 153 23
38 93 97
96 124 22
59 189 50
177 200 4
34 113 39
24 123 97
53 112 5
35 132 88
169 196 77
113 170 37
21 207 50
123 229 98
15 102 79
157 217 36
67 73 85
96 154 74
154 164 97
133 193 29
10 214 27
79 173 5
27 59 4
162 170 33
22 149 98
67 227 19
56 114 49
43 80 17
9 154 90
198 216 3
120 163 86
214 222 45
84 129 87
93